[decals]
{
	[t:decal,n:*]
	{
		decal_orientation = 0.000000,-1.000000,0.000000,0.000000,0.000000,-1.000000,1.000000,0.000000,0.000000;
		decal_origin = 39.383766,-16.650002,-11.803289,0xA7847141;
	  f far_plane = 1.100000;
	  x guid = 0xC7D2A9EA;
	  f horizontal_meters = 4.000000;
	  f lod = 1.000000;
	  f near_plane = 0.100000;
		texture = Art\Bitmaps\Decals\b_d_jng01-a.%img%;
	  f vertical_meters = 4.000000;
	}
	[t:decal,n:*]
	{
		decal_orientation = 0.000000,-1.000000,0.000000,0.000000,0.000000,-1.000000,1.000000,0.000000,0.000000;
		decal_origin = 39.908470,-16.649998,1.137407,0xF7D2E9A6;
	  f far_plane = 1.100000;
	  x guid = 0x747FC738;
	  f horizontal_meters = 4.000000;
	  f lod = 1.000000;
	  f near_plane = 0.100000;
		texture = Art\Bitmaps\Decals\b_d_jng01-a.%img%;
	  f vertical_meters = 4.000000;
	}
	[t:decal,n:*]
	{
		decal_orientation = 0.000000,-1.000000,0.000000,0.000000,0.000000,-1.000000,1.000000,0.000000,0.000000;
		decal_origin = 39.885757,-16.650002,-1.557118,0xF7D2E9A6;
	  f far_plane = 1.100000;
	  x guid = 0x8EB4092B;
	  f horizontal_meters = 4.000000;
	  f lod = 1.000000;
	  f near_plane = 0.100000;
		texture = Art\Bitmaps\Decals\b_d_jng01-a.%img%;
	  f vertical_meters = 4.000000;
	}
	[t:decal,n:*]
	{
		decal_orientation = 0.202605,0.000000,-0.979261,0.000000,1.000000,0.000000,0.979261,0.000000,0.202605;
		decal_origin = 39.796375,-17.220734,1.863449,0xF7D2E9A6;
	  f far_plane = 1.100000;
	  x guid = 0x5DC1C27E;
	  f horizontal_meters = 4.000000;
	  f lod = 1.000000;
	  f near_plane = 0.100000;
		texture = Art\Bitmaps\Decals\b_d_jng01-a.%img%;
	  f vertical_meters = 4.000000;
	}
	[t:decal,n:*]
	{
		decal_orientation = 0.000000,-0.332819,-0.942991,0.000000,0.942991,-0.332819,1.000000,0.000000,0.000000;
		decal_origin = 39.599083,-16.342783,2.869829,0xF7D2E9A6;
	  f far_plane = 1.100000;
	  x guid = 0x241D3DD4;
	  f horizontal_meters = 4.000000;
	  f lod = 1.000000;
	  f near_plane = 0.100000;
		texture = Art\Bitmaps\Decals\b_d_jng01-a.%img%;
	  f vertical_meters = 4.000000;
	}
	[t:decal,n:*]
	{
		decal_orientation = 0.000000,0.046462,-0.998920,0.000000,0.998920,0.046462,1.000000,0.000000,0.000000;
		decal_origin = 39.492405,-13.986572,3.194022,0xF7D2E9A6;
	  f far_plane = 1.100000;
	  x guid = 0x7F7D7553;
	  f horizontal_meters = 4.000000;
	  f lod = 1.000000;
	  f near_plane = 0.100000;
		texture = Art\Bitmaps\Decals\b_d_jng01-a.%img%;
	  f vertical_meters = 4.000000;
	}
	[t:decal,n:*]
	{
		decal_orientation = 0.000000,-0.332819,-0.942991,0.000000,0.942991,-0.332819,1.000000,0.000000,0.000000;
		decal_origin = 39.364918,-15.679304,2.514397,0xF7D2E9A6;
	  f far_plane = 1.100000;
	  x guid = 0x7650B72B;
	  f horizontal_meters = 4.000000;
	  f lod = 1.000000;
	  f near_plane = 0.100000;
		texture = Art\Bitmaps\Decals\b_d_jng01-a.%img%;
	  f vertical_meters = 4.000000;
	}
	[t:decal,n:*]
	{
		decal_orientation = 0.000000,-0.999999,0.000000,0.000000,0.000000,-1.000000,0.999999,0.000000,0.000000;
		decal_origin = 10.560689,1.549999,14.270023,0xBC8CADBF;
	  f far_plane = 1.100000;
	  x guid = 0x434D6DE4;
	  f horizontal_meters = 3.000000;
	  f lod = 1.000000;
	  f near_plane = 0.100000;
		texture = Art\Bitmaps\Decals\b_d_rug-02.%img%;
	  f vertical_meters = 3.000000;
	}
	[t:decal,n:*]
	{
		decal_orientation = 0.000000,-0.995037,-0.099504,0.000000,0.099504,-0.995037,1.000000,0.000000,0.000000;
		decal_origin = 12.570668,15.297920,25.724829,0x4274BF20;
	  f far_plane = 1.100000;
	  x guid = 0xDF91AB08;
	  f horizontal_meters = 4.000000;
	  f lod = 1.000000;
	  f near_plane = 0.100000;
		texture = Art\Bitmaps\Decals\b_d_jng01-a.%img%;
	  f vertical_meters = 4.000000;
	}
	[t:decal,n:*]
	{
		decal_orientation = 1.000000,0.000000,0.000000,0.000000,0.242536,-0.970143,0.000000,0.970143,0.242536;
		decal_origin = 10.363909,15.199844,25.326277,0x4274BF20;
	  f far_plane = 1.100000;
	  x guid = 0xA0A553CE;
	  f horizontal_meters = 4.000000;
	  f lod = 1.000000;
	  f near_plane = 0.100000;
		texture = Art\Bitmaps\Decals\b_d_jng01-a.%img%;
	  f vertical_meters = 4.000000;
	}
	[t:decal,n:*]
	{
		decal_orientation = 1.000000,0.000000,0.000000,0.000000,0.242536,-0.970143,0.000000,0.970143,0.242536;
		decal_origin = 7.985585,15.252920,25.538572,0x4274BF20;
	  f far_plane = 1.100000;
	  x guid = 0xC060D4C4;
	  f horizontal_meters = 4.000000;
	  f lod = 1.000000;
	  f near_plane = 0.100000;
		texture = Art\Bitmaps\Decals\b_d_jng01-a.%img%;
	  f vertical_meters = 4.000000;
	}
	[t:decal,n:*]
	{
		decal_orientation = 1.000000,0.000000,0.000000,0.000000,0.242536,-0.970143,0.000000,0.970143,0.242536;
		decal_origin = 5.517009,15.227041,25.435061,0x4274BF20;
	  f far_plane = 1.100000;
	  x guid = 0x100786E0;
	  f horizontal_meters = 4.000000;
	  f lod = 1.000000;
	  f near_plane = 0.100000;
		texture = Art\Bitmaps\Decals\b_d_jng01-a.%img%;
	  f vertical_meters = 4.000000;
	}
	[t:decal,n:*]
	{
		decal_orientation = 1.000000,0.000000,0.000000,0.000000,0.242536,-0.970142,0.000000,0.970142,0.242536;
		decal_origin = 2.810023,15.254555,25.545111,0x4274BF20;
	  f far_plane = 1.100000;
	  x guid = 0x02C363A8;
	  f horizontal_meters = 4.000000;
	  f lod = 1.000000;
	  f near_plane = 0.100000;
		texture = Art\Bitmaps\Decals\b_d_jng01-a.%img%;
	  f vertical_meters = 4.000000;
	}
	[t:decal,n:*]
	{
		decal_orientation = 1.000000,0.000000,0.000000,0.000000,0.242536,-0.970142,0.000000,0.970142,0.242536;
		decal_origin = 0.082432,15.208647,25.361469,0x4274BF20;
	  f far_plane = 1.100000;
	  x guid = 0x53480AC7;
	  f horizontal_meters = 4.000000;
	  f lod = 1.000000;
	  f near_plane = 0.100000;
		texture = Art\Bitmaps\Decals\b_d_jng01-a.%img%;
	  f vertical_meters = 4.000000;
	}
	[t:decal,n:*]
	{
		decal_orientation = 1.000000,0.000000,0.000000,0.000000,0.242536,-0.970143,0.000000,0.970143,0.242536;
		decal_origin = 14.960941,15.244478,25.504807,0x4274BF20;
	  f far_plane = 1.100000;
	  x guid = 0xA6735BD4;
	  f horizontal_meters = 4.000000;
	  f lod = 1.000000;
	  f near_plane = 0.100000;
		texture = Art\Bitmaps\Decals\b_d_jng01-a.%img%;
	  f vertical_meters = 4.000000;
	}
	[t:decal,n:*]
	{
		decal_orientation = 0.995037,-0.092639,-0.036316,0.000000,0.364974,-0.931018,0.099503,0.926397,0.363163;
		decal_origin = 17.125925,15.015637,25.328186,0x4274BF20;
	  f far_plane = 1.100000;
	  x guid = 0xE1B1658F;
	  f horizontal_meters = 4.000000;
	  f lod = 1.000000;
	  f near_plane = 0.100000;
		texture = Art\Bitmaps\Decals\b_d_jng01-a.%img%;
	  f vertical_meters = 4.000000;
	}
	[t:decal,n:*]
	{
		decal_orientation = 0.847132,-0.504301,-0.167477,0.000000,0.315171,-0.949035,0.531383,0.803957,0.266992;
		decal_origin = 15.737516,14.797427,25.450163,0x4274BF20;
	  f far_plane = 1.100000;
	  x guid = 0xD5BF3E3E;
	  f horizontal_meters = 4.000000;
	  f lod = 1.000000;
	  f near_plane = 0.100000;
		texture = Art\Bitmaps\Decals\b_d_jng01-a.%img%;
	  f vertical_meters = 4.000000;
	}
	[t:decal,n:*]
	{
		decal_orientation = 0.870022,-0.378346,-0.316094,0.000000,0.641149,-0.767417,0.493012,0.667670,0.557814;
		decal_origin = 17.599567,14.823658,25.076805,0x4274BF20;
	  f far_plane = 1.100000;
	  x guid = 0x97787F6D;
	  f horizontal_meters = 4.000000;
	  f lod = 1.000000;
	  f near_plane = 0.100000;
		texture = Art\Bitmaps\Decals\b_d_jng01-a.%img%;
	  f vertical_meters = 4.000000;
	}
	[t:decal,n:*]
	{
		decal_orientation = 0.000000,0.970142,0.242536,0.000000,0.242536,-0.970142,-1.000000,0.000000,0.000000;
		decal_origin = 39.492401,15.253876,15.487984,0x23689BB8;
	  f far_plane = 1.100000;
	  x guid = 0x02106075;
	  f horizontal_meters = 4.000000;
	  f lod = 1.000000;
	  f near_plane = 0.100000;
		texture = Art\Bitmaps\Decals\b_d_jng01-a.%img%;
	  f vertical_meters = 4.000000;
	}
	[t:decal,n:*]
	{
		decal_orientation = 0.000000,0.970142,0.242536,0.000000,0.242536,-0.970142,-1.000000,0.000000,0.000000;
		decal_origin = 39.495884,15.239452,18.224192,0x23689BB8;
	  f far_plane = 1.100000;
	  x guid = 0x9EFDE3B0;
	  f horizontal_meters = 4.000000;
	  f lod = 1.000000;
	  f near_plane = 0.100000;
		texture = Art\Bitmaps\Decals\b_d_jng01-a.%img%;
	  f vertical_meters = 4.000000;
	}
	[t:decal,n:*]
	{
		decal_orientation = 0.000000,0.970142,0.242536,0.000000,0.242536,-0.970142,-1.000000,0.000000,0.000000;
		decal_origin = 39.373936,15.224260,20.566978,0x23689BB8;
	  f far_plane = 1.100000;
	  x guid = 0xE23FCFDB;
	  f horizontal_meters = 4.000000;
	  f lod = 1.000000;
	  f near_plane = 0.100000;
		texture = Art\Bitmaps\Decals\b_d_jng01-a.%img%;
	  f vertical_meters = 4.000000;
	}
	[t:decal,n:*]
	{
		decal_orientation = 0.000000,-1.000000,0.000000,0.000000,0.000000,-1.000000,1.000000,0.000000,0.000000;
		decal_origin = 39.454556,15.349998,22.928329,0x23689BB8;
	  f far_plane = 1.100000;
	  x guid = 0x6296F81F;
	  f horizontal_meters = 4.000000;
	  f lod = 1.000000;
	  f near_plane = 0.100000;
		texture = Art\Bitmaps\Decals\b_d_jng01-a.%img%;
	  f vertical_meters = 4.000000;
	}
	[t:decal,n:*]
	{
		decal_orientation = 0.000000,-1.000000,0.000000,0.000000,0.000000,-1.000000,1.000000,0.000000,0.000000;
		decal_origin = 39.149143,15.349998,25.182718,0x23689BB8;
	  f far_plane = 1.100000;
	  x guid = 0xC9534F67;
	  f horizontal_meters = 4.000000;
	  f lod = 1.000000;
	  f near_plane = 0.100000;
		texture = Art\Bitmaps\Decals\b_d_jng01-a.%img%;
	  f vertical_meters = 4.000000;
	}
	[t:decal,n:*]
	{
		decal_orientation = 0.707107,0.615458,0.348155,0.000000,0.492366,-0.870389,-0.707107,0.615458,0.348155;
		decal_origin = 38.024620,15.121330,24.081421,0x23689BB8;
	  f far_plane = 1.100000;
	  x guid = 0xA26B39E4;
	  f horizontal_meters = 4.000000;
	  f lod = 1.000000;
	  f near_plane = 0.100000;
		texture = Art\Bitmaps\Decals\b_d_jng01-a.%img%;
	  f vertical_meters = 4.000000;
	}
	[t:decal,n:*]
	{
		decal_orientation = 0.000000,-1.000000,0.000000,0.000000,0.000000,-1.000000,1.000000,0.000000,0.000000;
		decal_origin = 36.509907,15.350002,25.542400,0x23689BB8;
	  f far_plane = 1.100000;
	  x guid = 0x23CF7305;
	  f horizontal_meters = 4.000000;
	  f lod = 1.000000;
	  f near_plane = 0.100000;
		texture = Art\Bitmaps\Decals\b_d_jng01-a.%img%;
	  f vertical_meters = 4.000000;
	}
	[t:decal,n:*]
	{
		decal_orientation = 0.970143,-0.229373,-0.078811,0.000000,0.324946,-0.945732,0.242535,0.917495,0.315244;
		decal_origin = 37.280239,15.155188,24.613459,0x23689BB8;
	  f far_plane = 1.100000;
	  x guid = 0xA7BEA848;
	  f horizontal_meters = 4.000000;
	  f lod = 1.000000;
	  f near_plane = 0.100000;
		texture = Art\Bitmaps\Decals\b_d_jng01-a.%img%;
	  f vertical_meters = 4.000000;
	}
	[t:decal,n:*]
	{
		decal_orientation = 0.071249,0.951263,0.300036,0.000000,0.300801,-0.953687,-0.997459,0.067949,0.021432;
		decal_origin = 38.665672,15.163121,23.353470,0x23689BB8;
	  f far_plane = 1.100000;
	  x guid = 0xEFE8726A;
	  f horizontal_meters = 4.000000;
	  f lod = 1.000000;
	  f near_plane = 0.100000;
		texture = Art\Bitmaps\Decals\b_d_jng01-a.%img%;
	  f vertical_meters = 4.000000;
	}
	[t:decal,n:*]
	{
		decal_orientation = 1.000000,0.000000,0.000000,0.000000,0.242536,-0.970142,0.000000,0.970142,0.242536;
		decal_origin = 34.151279,15.245743,25.509857,0x23689BB8;
	  f far_plane = 1.100000;
	  x guid = 0x4D7A1071;
	  f horizontal_meters = 4.000000;
	  f lod = 1.000000;
	  f near_plane = 0.100000;
		texture = Art\Bitmaps\Decals\b_d_jng01-a.%img%;
	  f vertical_meters = 4.000000;
	}
	[t:decal,n:*]
	{
		decal_orientation = 0.998752,0.041534,0.027724,0.000000,0.555180,-0.831730,-0.049937,0.830692,0.554488;
		decal_origin = 31.738739,15.139881,25.444414,0x23689BB8;
	  f far_plane = 1.100000;
	  x guid = 0xAD744EEF;
	  f horizontal_meters = 4.000000;
	  f lod = 1.000000;
	  f near_plane = 0.100000;
		texture = Art\Bitmaps\Decals\b_d_jng01-a.%img%;
	  f vertical_meters = 4.000000;
	}
	[t:decal,n:*]
	{
		decal_orientation = 0.000000,-0.995037,-0.099504,0.000000,0.099504,-0.995037,1.000000,0.000000,0.000000;
		decal_origin = 28.972391,15.257750,25.855934,0x23689BB8;
	  f far_plane = 1.100000;
	  x guid = 0x95FBDD52;
	  f horizontal_meters = 4.000000;
	  f lod = 1.000000;
	  f near_plane = 0.100000;
		texture = Art\Bitmaps\Decals\b_d_jng01-a.%img%;
	  f vertical_meters = 4.000000;
	}
	[t:decal,n:*]
	{
		decal_orientation = 1.000000,0.000000,0.000000,0.000000,0.242536,-0.970142,0.000000,0.970142,0.242536;
		decal_origin = 26.453936,15.221615,25.413347,0x23689BB8;
	  f far_plane = 1.100000;
	  x guid = 0x344F6A48;
	  f horizontal_meters = 4.000000;
	  f lod = 1.000000;
	  f near_plane = 0.100000;
		texture = Art\Bitmaps\Decals\b_d_jng01-a.%img%;
	  f vertical_meters = 4.000000;
	}
	[t:decal,n:*]
	{
		decal_orientation = 1.000000,0.000000,0.000000,0.000000,0.242536,-0.970142,0.000000,0.970142,0.242536;
		decal_origin = 24.059414,15.245396,25.508472,0x23689BB8;
	  f far_plane = 1.100000;
	  x guid = 0x073F80B8;
	  f horizontal_meters = 4.000000;
	  f lod = 1.000000;
	  f near_plane = 0.100000;
		texture = Art\Bitmaps\Decals\b_d_jng01-a.%img%;
	  f vertical_meters = 4.000000;
	}
	[t:decal,n:*]
	{
		decal_orientation = 1.000000,0.000000,0.000000,0.000000,0.242536,-0.970143,0.000000,0.970143,0.242536;
		decal_origin = 21.410063,15.214706,25.385715,0x23689BB8;
	  f far_plane = 1.100000;
	  x guid = 0xB352F05E;
	  f horizontal_meters = 4.000000;
	  f lod = 1.000000;
	  f near_plane = 0.100000;
		texture = Art\Bitmaps\Decals\b_d_jng01-a.%img%;
	  f vertical_meters = 4.000000;
	}
	[t:decal,n:*]
	{
		decal_orientation = 1.000000,-0.000000,-0.000000,-0.000000,0.099504,-0.995037,0.000000,0.995037,0.099504;
		decal_origin = 1.554096,0.890886,-1.891901,0x0CF9B38B;
	  f far_plane = 1.100000;
	  x guid = 0x01FE6002;
	  f horizontal_meters = 4.000000;
	  f lod = 1.000000;
	  f near_plane = 0.100000;
		texture = Art\Bitmaps\Decals\b_d_jng01-a.%img%;
	  f vertical_meters = 4.000000;
	}
	[t:decal,n:*]
	{
		decal_orientation = 1.000000,0.000000,0.000000,0.000000,0.173785,-0.984784,0.000000,0.984784,0.173785;
		decal_origin = -19.137978,15.265488,24.783535,0xA6F9F28B;
	  f far_plane = 1.100000;
	  x guid = 0xF1F6C5E5;
	  f horizontal_meters = 4.000000;
	  f lod = 1.000000;
	  f near_plane = 0.100000;
		texture = Art\Bitmaps\Decals\b_d_jng01-a.%img%;
	  f vertical_meters = 4.000000;
	}
	[t:decal,n:*]
	{
		decal_orientation = 0.000000,-1.000000,0.000000,0.000000,0.000000,-1.000000,1.000000,0.000000,0.000000;
		decal_origin = -21.501188,15.350000,24.983685,0xA6F9F28B;
	  f far_plane = 1.100000;
	  x guid = 0x32A26DA8;
	  f horizontal_meters = 4.000000;
	  f lod = 1.000000;
	  f near_plane = 0.100000;
		texture = Art\Bitmaps\Decals\b_d_jng01-a.%img%;
	  f vertical_meters = 4.000000;
	}
	[t:decal,n:*]
	{
		decal_orientation = 0.000000,-1.000000,0.000000,0.000000,0.000000,-1.000000,1.000000,0.000000,0.000000;
		decal_origin = -23.582071,15.349998,25.004934,0xA6F9F28B;
	  f far_plane = 1.100000;
	  x guid = 0x98EFC605;
	  f horizontal_meters = 4.000000;
	  f lod = 1.000000;
	  f near_plane = 0.100000;
		texture = Art\Bitmaps\Decals\b_d_jng01-a.%img%;
	  f vertical_meters = 4.000000;
	}
	[t:decal,n:*]
	{
		decal_orientation = 1.000000,0.000000,0.000000,0.000000,0.146549,-0.989204,0.000000,0.989204,0.146549;
		decal_origin = -25.390026,15.211202,24.339451,0xA6F9F28B;
	  f far_plane = 1.100000;
	  x guid = 0x3F57826E;
	  f horizontal_meters = 4.000000;
	  f lod = 1.000000;
	  f near_plane = 0.100000;
		texture = Art\Bitmaps\Decals\b_d_jng01-a.%img%;
	  f vertical_meters = 4.000000;
	}
	[t:decal,n:*]
	{
		decal_orientation = 0.000000,-0.970143,-0.242535,0.000000,0.242535,-0.970143,1.000000,0.000000,0.000000;
		decal_origin = -25.438322,15.240360,22.230619,0xA6F9F28B;
	  f far_plane = 1.100000;
	  x guid = 0x48758CED;
	  f horizontal_meters = 4.000000;
	  f lod = 1.000000;
	  f near_plane = 0.100000;
		texture = Art\Bitmaps\Decals\b_d_jng01-a.%img%;
	  f vertical_meters = 4.000000;
	}
	[t:decal,n:*]
	{
		decal_orientation = 0.000000,-0.970143,-0.242535,0.000000,0.242535,-0.970143,1.000000,0.000000,0.000000;
		decal_origin = -25.501610,15.256182,19.423553,0xA6F9F28B;
	  f far_plane = 1.100000;
	  x guid = 0xE3272AB1;
	  f horizontal_meters = 4.000000;
	  f lod = 1.000000;
	  f near_plane = 0.100000;
		texture = Art\Bitmaps\Decals\b_d_jng01-a.%img%;
	  f vertical_meters = 4.000000;
	}
	[t:decal,n:*]
	{
		decal_orientation = 0.000000,-0.970143,-0.242535,0.000000,0.242535,-0.970143,1.000000,0.000000,0.000000;
		decal_origin = -25.504711,15.256954,16.259747,0xA6F9F28B;
	  f far_plane = 1.100000;
	  x guid = 0xE3C30E52;
	  f horizontal_meters = 4.000000;
	  f lod = 1.000000;
	  f near_plane = 0.100000;
		texture = Art\Bitmaps\Decals\b_d_jng01-a.%img%;
	  f vertical_meters = 4.000000;
	}
	[t:decal,n:*]
	{
		decal_orientation = 0.000000,-0.970143,-0.242535,0.000000,0.242535,-0.970143,1.000000,0.000000,0.000000;
		decal_origin = -25.607885,15.282747,13.899770,0xA6F9F28B;
	  f far_plane = 1.100000;
	  x guid = 0x4BE41091;
	  f horizontal_meters = 4.000000;
	  f lod = 1.000000;
	  f near_plane = 0.100000;
		texture = Art\Bitmaps\Decals\b_d_jng01-a.%img%;
	  f vertical_meters = 4.000000;
	}
	[t:decal,n:*]
	{
		decal_orientation = 0.000000,-0.970143,-0.242535,0.000000,0.242535,-0.970143,1.000000,0.000000,0.000000;
		decal_origin = -25.641891,15.291246,11.276949,0xA6F9F28B;
	  f far_plane = 1.100000;
	  x guid = 0xC17D52A3;
	  f horizontal_meters = 4.000000;
	  f lod = 1.000000;
	  f near_plane = 0.100000;
		texture = Art\Bitmaps\Decals\b_d_jng01-a.%img%;
	  f vertical_meters = 4.000000;
	}
	[t:decal,n:*]
	{
		decal_orientation = 1.000000,0.000000,0.000000,0.000000,0.099504,-0.995037,0.000000,0.995037,0.099504;
		decal_origin = -25.687912,15.288860,8.688731,0xA6F9F28B;
	  f far_plane = 1.100000;
	  x guid = 0x7BB2EDD7;
	  f horizontal_meters = 4.000000;
	  f lod = 1.000000;
	  f near_plane = 0.100000;
		texture = Art\Bitmaps\Decals\b_d_jng01-a.%img%;
	  f vertical_meters = 4.000000;
	}
	[t:decal,n:*]
	{
		decal_orientation = 0.000000,-0.970143,-0.242535,0.000000,0.242535,-0.970143,1.000000,0.000000,0.000000;
		decal_origin = -25.678581,15.300423,6.582471,0xA6F9F28B;
	  f far_plane = 1.100000;
	  x guid = 0x1242439F;
	  f horizontal_meters = 4.000000;
	  f lod = 1.000000;
	  f near_plane = 0.100000;
		texture = Art\Bitmaps\Decals\b_d_jng01-a.%img%;
	  f vertical_meters = 4.000000;
	}
	[t:decal,n:*]
	{
		decal_orientation = 0.000000,-0.970143,-0.242535,0.000000,0.242535,-0.970143,1.000000,0.000000,0.000000;
		decal_origin = -25.590557,15.278416,4.075486,0xA6F9F28B;
	  f far_plane = 1.100000;
	  x guid = 0x4D04D382;
	  f horizontal_meters = 4.000000;
	  f lod = 1.000000;
	  f near_plane = 0.100000;
		texture = Art\Bitmaps\Decals\b_d_jng01-a.%img%;
	  f vertical_meters = 4.000000;
	}
	[t:decal,n:*]
	{
		decal_orientation = -1.000000,0.000000,0.000000,0.000000,0.099504,-0.995037,0.000000,-0.995037,-0.099504;
		decal_origin = -25.654976,15.284571,2.054161,0xA6F9F28B;
	  f far_plane = 1.100000;
	  x guid = 0x1F1FA057;
	  f horizontal_meters = 4.000000;
	  f lod = 1.000000;
	  f near_plane = 0.100000;
		texture = Art\Bitmaps\Decals\b_d_jng01-a.%img%;
	  f vertical_meters = 4.000000;
	}
	[t:decal,n:*]
	{
		decal_orientation = 0.624695,-0.777220,-0.075403,0.000000,0.096564,-0.995327,0.780869,0.621776,0.060323;
		decal_origin = 1.723225,15.249339,24.785059,0x65A528FE;
	  f far_plane = 1.100000;
	  x guid = 0x11B239AC;
	  f horizontal_meters = 4.000000;
	  f lod = 1.000000;
	  f near_plane = 0.100000;
		texture = Art\Bitmaps\Decals\b_d_jng01-a.%img%;
	  f vertical_meters = 4.000000;
	}
	[t:decal,n:*]
	{
		decal_orientation = 1.000000,0.000000,0.000000,0.000000,0.242536,-0.970142,0.000000,0.970142,0.242536;
		decal_origin = -1.583337,15.198124,24.619383,0x65A528FE;
	  f far_plane = 1.100000;
	  x guid = 0x3256AFCB;
	  f horizontal_meters = 4.000000;
	  f lod = 1.000000;
	  f near_plane = 0.100000;
		texture = Art\Bitmaps\Decals\b_d_jng01-a.%img%;
	  f vertical_meters = 4.000000;
	}
	[t:decal,n:*]
	{
		decal_orientation = 1.000000,0.000000,0.000000,0.000000,0.242536,-0.970143,0.000000,0.970143,0.242536;
		decal_origin = -4.492365,15.253763,24.841938,0x65A528FE;
	  f far_plane = 1.100000;
	  x guid = 0x54181E1B;
	  f horizontal_meters = 4.000000;
	  f lod = 1.000000;
	  f near_plane = 0.100000;
		texture = Art\Bitmaps\Decals\b_d_jng01-a.%img%;
	  f vertical_meters = 4.000000;
	}
	[t:decal,n:*]
	{
		decal_orientation = 1.000000,0.000000,0.000000,0.000000,0.242536,-0.970143,0.000000,0.970143,0.242536;
		decal_origin = -6.792313,15.243126,24.799402,0x65A528FE;
	  f far_plane = 1.100000;
	  x guid = 0xE01D6A45;
	  f horizontal_meters = 4.000000;
	  f lod = 1.000000;
	  f near_plane = 0.100000;
		texture = Art\Bitmaps\Decals\b_d_jng01-a.%img%;
	  f vertical_meters = 4.000000;
	}
	[t:decal,n:*]
	{
		decal_orientation = 1.000000,0.000000,0.000000,0.000000,0.242536,-0.970142,0.000000,0.970142,0.242536;
		decal_origin = -8.960230,15.266935,24.894623,0x65A528FE;
	  f far_plane = 1.100000;
	  x guid = 0x85BE4970;
	  f horizontal_meters = 4.000000;
	  f lod = 1.000000;
	  f near_plane = 0.100000;
		texture = Art\Bitmaps\Decals\b_d_jng01-a.%img%;
	  f vertical_meters = 4.000000;
	}
	[t:decal,n:*]
	{
		decal_orientation = 1.000000,0.000000,0.000000,0.000000,0.242536,-0.970143,0.000000,0.970143,0.242536;
		decal_origin = -11.418454,15.211073,24.671183,0x65A528FE;
	  f far_plane = 1.100000;
	  x guid = 0x2DD36B56;
	  f horizontal_meters = 4.000000;
	  f lod = 1.000000;
	  f near_plane = 0.100000;
		texture = Art\Bitmaps\Decals\b_d_jng01-a.%img%;
	  f vertical_meters = 4.000000;
	}
	[t:decal,n:*]
	{
		decal_orientation = 0.984428,-0.172975,-0.031337,0.000000,0.178263,-0.983983,0.175791,0.968660,0.175487;
		decal_origin = -13.859828,15.266639,24.816334,0x65A528FE;
	  f far_plane = 1.100000;
	  x guid = 0xAF8B5914;
	  f horizontal_meters = 4.000000;
	  f lod = 1.000000;
	  f near_plane = 0.100000;
		texture = Art\Bitmaps\Decals\b_d_jng01-a.%img%;
	  f vertical_meters = 4.000000;
	}
	[t:decal,n:*]
	{
		decal_orientation = 1.000000,0.000000,0.000000,0.000000,0.173785,-0.984784,0.000000,0.984784,0.173785;
		decal_origin = -16.725182,15.281288,24.873066,0x65A528FE;
	  f far_plane = 1.100000;
	  x guid = 0xFE521D15;
	  f horizontal_meters = 4.000000;
	  f lod = 1.000000;
	  f near_plane = 0.100000;
		texture = Art\Bitmaps\Decals\b_d_jng01-a.%img%;
	  f vertical_meters = 4.000000;
	}
	[t:decal,n:*]
	{
		decal_orientation = 0.000000,0.970142,0.242536,0.000000,0.242536,-0.970142,-1.000000,0.000000,0.000000;
		decal_origin = 9.341235,15.216087,2.184697,0x4277595A;
	  f far_plane = 1.100000;
	  x guid = 0xD93D8341;
	  f horizontal_meters = 4.000000;
	  f lod = 1.000000;
	  f near_plane = 0.100000;
		texture = Art\Bitmaps\Decals\b_d_jng01-a.%img%;
	  f vertical_meters = 4.000000;
	}
	[t:decal,n:*]
	{
		decal_orientation = 0.000000,0.970143,0.242536,0.000000,0.242536,-0.970143,-1.000000,0.000000,0.000000;
		decal_origin = 9.274323,15.199360,4.745120,0x4277595A;
	  f far_plane = 1.100000;
	  x guid = 0x0A869EBE;
	  f horizontal_meters = 4.000000;
	  f lod = 1.000000;
	  f near_plane = 0.100000;
		texture = Art\Bitmaps\Decals\b_d_jng01-a.%img%;
	  f vertical_meters = 4.000000;
	}
	[t:decal,n:*]
	{
		decal_orientation = 0.000000,0.970142,0.242536,0.000000,0.242536,-0.970142,-1.000000,0.000000,0.000000;
		decal_origin = 9.242166,15.191319,7.422256,0x4277595A;
	  f far_plane = 1.100000;
	  x guid = 0xA9C518E6;
	  f horizontal_meters = 4.000000;
	  f lod = 1.000000;
	  f near_plane = 0.100000;
		texture = Art\Bitmaps\Decals\b_d_jng01-a.%img%;
	  f vertical_meters = 4.000000;
	}
	[t:decal,n:*]
	{
		decal_orientation = -1.000000,0.000000,0.000000,0.000000,0.099504,-0.995037,0.000000,-0.995037,-0.099504;
		decal_origin = 9.003225,15.240635,9.535197,0x4277595A;
	  f far_plane = 1.100000;
	  x guid = 0xCA8490C1;
	  f horizontal_meters = 4.000000;
	  f lod = 1.000000;
	  f near_plane = 0.100000;
		texture = Art\Bitmaps\Decals\b_d_jng01-a.%img%;
	  f vertical_meters = 4.000000;
	}
	[t:decal,n:*]
	{
		decal_orientation = 0.000000,0.970142,0.242536,0.000000,0.242536,-0.970142,-1.000000,0.000000,0.000000;
		decal_origin = 9.300233,15.205836,12.100279,0x4277595A;
	  f far_plane = 1.100000;
	  x guid = 0x29A5F427;
	  f horizontal_meters = 4.000000;
	  f lod = 1.000000;
	  f near_plane = 0.100000;
		texture = Art\Bitmaps\Decals\b_d_jng01-a.%img%;
	  f vertical_meters = 4.000000;
	}
	[t:decal,n:*]
	{
		decal_orientation = 0.000000,0.970142,0.242536,0.000000,0.242536,-0.970142,-1.000000,0.000000,0.000000;
		decal_origin = 9.291045,15.203537,14.507895,0x4277595A;
	  f far_plane = 1.100000;
	  x guid = 0x409BE3F1;
	  f horizontal_meters = 4.000000;
	  f lod = 1.000000;
	  f near_plane = 0.100000;
		texture = Art\Bitmaps\Decals\b_d_jng01-a.%img%;
	  f vertical_meters = 4.000000;
	}
	[t:decal,n:*]
	{
		decal_orientation = 1.000000,0.000000,0.000000,0.000000,0.099504,-0.995037,0.000000,0.995037,0.099504;
		decal_origin = 9.392397,15.285295,16.653070,0x4277595A;
	  f far_plane = 1.100000;
	  x guid = 0xB3B0EED6;
	  f horizontal_meters = 4.000000;
	  f lod = 1.000000;
	  f near_plane = 0.100000;
		texture = Art\Bitmaps\Decals\b_d_jng01-a.%img%;
	  f vertical_meters = 4.000000;
	}
	[t:decal,n:*]
	{
		decal_orientation = 0.000000,0.970142,0.242536,0.000000,0.242536,-0.970142,-1.000000,0.000000,0.000000;
		decal_origin = 9.266541,15.197412,18.824524,0x4277595A;
	  f far_plane = 1.100000;
	  x guid = 0xA4AFA516;
	  f horizontal_meters = 4.000000;
	  f lod = 1.000000;
	  f near_plane = 0.100000;
		texture = Art\Bitmaps\Decals\b_d_jng01-a.%img%;
	  f vertical_meters = 4.000000;
	}
	[t:decal,n:*]
	{
		decal_orientation = 0.000000,0.970142,0.242536,0.000000,0.242536,-0.970142,-1.000000,0.000000,0.000000;
		decal_origin = 9.351930,15.218761,21.296856,0x4277595A;
	  f far_plane = 1.100000;
	  x guid = 0x73ED08B8;
	  f horizontal_meters = 4.000000;
	  f lod = 1.000000;
	  f near_plane = 0.100000;
		texture = Art\Bitmaps\Decals\b_d_jng01-a.%img%;
	  f vertical_meters = 4.000000;
	}
	[t:decal,n:*]
	{
		decal_orientation = -0.995037,0.098686,0.012715,0.000000,0.127788,-0.991802,-0.099502,-0.986880,-0.127154;
		decal_origin = 9.572740,15.318696,23.199018,0x4277595A;
	  f far_plane = 1.100000;
	  x guid = 0x233E22D0;
	  f horizontal_meters = 4.000000;
	  f lod = 1.000000;
	  f near_plane = 0.100000;
		texture = Art\Bitmaps\Decals\b_d_jng01-a.%img%;
	  f vertical_meters = 4.000000;
	}
	[t:decal,n:*]
	{
		decal_orientation = 1.000000,0.000000,0.000000,0.000000,0.371390,-0.928477,0.000000,0.928477,0.371390;
		decal_origin = 9.518259,15.158577,24.678858,0x4277595A;
	  f far_plane = 1.100000;
	  x guid = 0xCAFBC2DD;
	  f horizontal_meters = 4.000000;
	  f lod = 1.000000;
	  f near_plane = 0.100000;
		texture = Art\Bitmaps\Decals\b_d_jng01-a.%img%;
	  f vertical_meters = 4.000000;
	}
	[t:decal,n:*]
	{
		decal_orientation = 0.999614,-0.026815,-0.007207,0.000000,0.259550,-0.965730,0.027767,0.965358,0.259450;
		decal_origin = 7.348759,15.233099,24.764683,0x4277595A;
	  f far_plane = 1.100000;
	  x guid = 0xD6068DCD;
	  f horizontal_meters = 4.000000;
	  f lod = 1.000000;
	  f near_plane = 0.100000;
		texture = Art\Bitmaps\Decals\b_d_jng01-a.%img%;
	  f vertical_meters = 4.000000;
	}
	[t:decal,n:*]
	{
		decal_orientation = 1.000000,0.000000,0.000000,0.000000,0.242536,-0.970142,0.000000,0.970142,0.242536;
		decal_origin = 4.375048,15.282967,24.902620,0x4277595A;
	  f far_plane = 1.100000;
	  x guid = 0xB1ADA47D;
	  f horizontal_meters = 4.000000;
	  f lod = 1.000000;
	  f near_plane = 0.100000;
		texture = Art\Bitmaps\Decals\b_d_jng01-a.%img%;
	  f vertical_meters = 4.000000;
	}
	[t:decal,n:*]
	{
		decal_orientation = 0.059893,-0.968298,-0.242510,0.000000,0.242946,-0.970040,0.998205,0.058098,0.014551;
		decal_origin = 1.633667,15.215845,-10.351436,0xD1CE1362;
	  f far_plane = 1.100000;
	  x guid = 0xA6D3BC41;
	  f horizontal_meters = 4.000000;
	  f lod = 1.000000;
	  f near_plane = 0.100000;
		texture = Art\Bitmaps\Decals\b_d_jng01-a.%img%;
	  f vertical_meters = 4.000000;
	}
	[t:decal,n:*]
	{
		decal_orientation = 0.000000,0.955779,0.294086,0.000000,0.294086,-0.955779,-1.000000,0.000000,0.000000;
		decal_origin = 1.644979,15.287029,-8.126944,0xD1CE1362;
	  f far_plane = 1.100000;
	  x guid = 0xD0009EDA;
	  f horizontal_meters = 4.000000;
	  f lod = 1.000000;
	  f near_plane = 0.100000;
		texture = Art\Bitmaps\Decals\b_d_jng01-a.%img%;
	  f vertical_meters = 4.000000;
	}
	[t:decal,n:*]
	{
		decal_orientation = -1.000000,0.000000,0.000000,0.000000,0.257662,-0.966235,0.000000,-0.966235,-0.257662;
		decal_origin = 2.601768,15.254721,-6.161657,0xD1CE1362;
	  f far_plane = 1.100000;
	  x guid = 0xFCD0D2CA;
	  f horizontal_meters = 4.000000;
	  f lod = 1.000000;
	  f near_plane = 0.100000;
		texture = Art\Bitmaps\Decals\b_d_jng01-a.%img%;
	  f vertical_meters = 4.000000;
	}
	[t:decal,n:*]
	{
		decal_orientation = 0.000000,0.995893,0.090536,0.000000,0.090536,-0.995893,-1.000000,0.000000,0.000000;
		decal_origin = 5.388972,15.298577,-6.141930,0xD1CE1362;
	  f far_plane = 1.100000;
	  x guid = 0x416B9BE8;
	  f horizontal_meters = 4.000000;
	  f lod = 1.000000;
	  f near_plane = 0.100000;
		texture = Art\Bitmaps\Decals\b_d_jng01-a.%img%;
	  f vertical_meters = 4.000000;
	}
	[t:decal,n:*]
	{
		decal_orientation = -0.049937,-0.984009,-0.170974,0.000000,0.171188,-0.985239,0.998752,-0.049200,-0.008549;
		decal_origin = 7.142461,15.331492,-6.102573,0xD1CE1362;
	  f far_plane = 1.100000;
	  x guid = 0xF98F2A87;
	  f horizontal_meters = 4.000000;
	  f lod = 1.000000;
	  f near_plane = 0.100000;
		texture = Art\Bitmaps\Decals\b_d_jng01-a.%img%;
	  f vertical_meters = 4.000000;
	}
	[t:decal,n:*]
	{
		decal_orientation = -1.000000,0.000000,0.000000,0.000000,0.187112,-0.982339,0.000000,-0.982339,-0.187112;
		decal_origin = 9.294206,15.226035,-5.904798,0xD1CE1362;
	  f far_plane = 1.100000;
	  x guid = 0x7909A298;
	  f horizontal_meters = 4.000000;
	  f lod = 1.000000;
	  f near_plane = 0.100000;
		texture = Art\Bitmaps\Decals\b_d_jng01-a.%img%;
	  f vertical_meters = 4.000000;
	}
	[t:decal,n:*]
	{
		decal_orientation = 0.136637,0.924413,0.356076,0.000000,0.359447,-0.933165,-0.990621,0.127505,0.049114;
		decal_origin = 9.353424,15.201510,-4.144498,0xD1CE1362;
	  f far_plane = 1.100000;
	  x guid = 0x996621FD;
	  f horizontal_meters = 4.000000;
	  f lod = 1.000000;
	  f near_plane = 0.100000;
		texture = Art\Bitmaps\Decals\b_d_jng01-a.%img%;
	  f vertical_meters = 4.000000;
	}
	[t:decal,n:*]
	{
		decal_orientation = 0.000000,0.970142,0.242536,0.000000,0.242536,-0.970142,-1.000000,0.000000,0.000000;
		decal_origin = 9.354785,15.219475,-0.930796,0xD1CE1362;
	  f far_plane = 1.100000;
	  x guid = 0xBCE22A1B;
	  f horizontal_meters = 4.000000;
	  f lod = 1.000000;
	  f near_plane = 0.100000;
		texture = Art\Bitmaps\Decals\b_d_jng01-a.%img%;
	  f vertical_meters = 4.000000;
	}
	[t:decal,n:*]
	{
		decal_orientation = 0.000000,-0.970143,-0.242535,0.000000,0.242535,-0.970143,1.000000,0.000000,0.000000;
		decal_origin = -25.548298,15.267851,-0.065392,0xD1CE1362;
	  f far_plane = 1.100000;
	  x guid = 0xB379351C;
	  f horizontal_meters = 4.000000;
	  f lod = 1.000000;
	  f near_plane = 0.100000;
		texture = Art\Bitmaps\Decals\b_d_jng01-a.%img%;
	  f vertical_meters = 4.000000;
	}
	[t:decal,n:*]
	{
		decal_orientation = 0.000000,-0.970143,-0.242535,0.000000,0.242535,-0.970143,1.000000,0.000000,0.000000;
		decal_origin = -25.482658,15.251440,-2.779211,0xD1CE1362;
	  f far_plane = 1.100000;
	  x guid = 0xAD72A373;
	  f horizontal_meters = 4.000000;
	  f lod = 1.000000;
	  f near_plane = 0.100000;
		texture = Art\Bitmaps\Decals\b_d_jng01-a.%img%;
	  f vertical_meters = 4.000000;
	}
	[t:decal,n:*]
	{
		decal_orientation = 0.000000,-1.000000,0.000000,0.000000,0.000000,-1.000000,1.000000,0.000000,0.000000;
		decal_origin = -25.718826,15.350000,-5.222193,0xD1CE1362;
	  f far_plane = 1.100000;
	  x guid = 0xB20E95C3;
	  f horizontal_meters = 4.000000;
	  f lod = 1.000000;
	  f near_plane = 0.100000;
		texture = Art\Bitmaps\Decals\b_d_jng01-a.%img%;
	  f vertical_meters = 4.000000;
	}
	[t:decal,n:*]
	{
		decal_orientation = -0.999315,-0.035272,-0.011212,0.000000,0.302929,-0.953013,0.037011,-0.952360,-0.302722;
		decal_origin = -24.764238,15.184519,-6.019604,0xD1CE1362;
	  f far_plane = 1.100000;
	  x guid = 0x6E42FF37;
	  f horizontal_meters = 4.000000;
	  f lod = 1.000000;
	  f near_plane = 0.100000;
		texture = Art\Bitmaps\Decals\b_d_jng01-a.%img%;
	  f vertical_meters = 4.000000;
	}
	[t:decal,n:*]
	{
		decal_orientation = -1.000000,0.000000,0.000000,0.000000,0.282166,-0.959366,0.000000,-0.959366,-0.282166;
		decal_origin = -22.567192,15.249945,-6.165798,0xD1CE1362;
	  f far_plane = 1.100000;
	  x guid = 0xFE4A5CAC;
	  f horizontal_meters = 4.000000;
	  f lod = 1.000000;
	  f near_plane = 0.100000;
		texture = Art\Bitmaps\Decals\b_d_jng01-a.%img%;
	  f vertical_meters = 4.000000;
	}
	[t:decal,n:*]
	{
		decal_orientation = -0.994569,0.086457,0.057952,0.000000,0.556792,-0.830652,-0.104083,-0.826140,-0.553768;
		decal_origin = -19.762609,15.101814,-5.961265,0xD1CE1362;
	  f far_plane = 1.100000;
	  x guid = 0x1D19FD22;
	  f horizontal_meters = 4.000000;
	  f lod = 1.000000;
	  f near_plane = 0.100000;
		texture = Art\Bitmaps\Decals\b_d_jng01-a.%img%;
	  f vertical_meters = 4.000000;
	}
	[t:decal,n:*]
	{
		decal_orientation = 0.000000,-0.966235,-0.257662,0.000000,0.257662,-0.966235,1.000000,0.000000,0.000000;
		decal_origin = -17.522766,15.257686,-7.498173,0xD1CE1362;
	  f far_plane = 1.100000;
	  x guid = 0xF730084F;
	  f horizontal_meters = 4.000000;
	  f lod = 1.000000;
	  f near_plane = 0.100000;
		texture = Art\Bitmaps\Decals\b_d_jng01-a.%img%;
	  f vertical_meters = 4.000000;
	}
	[t:decal,n:*]
	{
		decal_orientation = 0.000000,-0.980581,-0.196113,0.000000,0.196113,-0.980581,1.000000,0.000000,0.000000;
		decal_origin = -17.665222,15.302851,-10.030182,0xD1CE1362;
	  f far_plane = 1.100000;
	  x guid = 0xC48241BD;
	  f horizontal_meters = 4.000000;
	  f lod = 1.000000;
	  f near_plane = 0.100000;
		texture = Art\Bitmaps\Decals\b_d_jng01-a.%img%;
	  f vertical_meters = 4.000000;
	}
	[t:decal,n:*]
	{
		decal_orientation = 1.000000,0.000000,0.000000,0.000000,0.242537,-0.970142,0.000000,0.970142,0.242537;
		decal_origin = -2.392027,15.193716,25.501755,0x437D7A40;
	  f far_plane = 1.100000;
	  x guid = 0x4449D825;
	  f horizontal_meters = 4.000000;
	  f lod = 1.000000;
	  f near_plane = 0.100000;
		texture = Art\Bitmaps\Decals\b_d_jng01-a.%img%;
	  f vertical_meters = 4.000000;
	}
	[t:decal,n:*]
	{
		decal_orientation = 1.000000,0.000000,0.000000,0.000000,0.242537,-0.970142,0.000000,0.970142,0.242537;
		decal_origin = -5.118365,15.201105,25.531317,0x437D7A40;
	  f far_plane = 1.100000;
	  x guid = 0xCCD5B945;
	  f horizontal_meters = 4.000000;
	  f lod = 1.000000;
	  f near_plane = 0.100000;
		texture = Art\Bitmaps\Decals\b_d_jng01-a.%img%;
	  f vertical_meters = 4.000000;
	}
	[t:decal,n:*]
	{
		decal_orientation = 1.000000,0.000000,0.000000,0.000000,0.242537,-0.970142,0.000000,0.970142,0.242537;
		decal_origin = -7.681030,15.179991,25.446854,0x437D7A40;
	  f far_plane = 1.100000;
	  x guid = 0x496BFDDD;
	  f horizontal_meters = 4.000000;
	  f lod = 1.000000;
	  f near_plane = 0.100000;
		texture = Art\Bitmaps\Decals\b_d_jng01-a.%img%;
	  f vertical_meters = 4.000000;
	}
	[t:decal,n:*]
	{
		decal_orientation = 1.000000,0.000000,0.000000,0.000000,0.242537,-0.970142,0.000000,0.970142,0.242537;
		decal_origin = -10.358369,15.186087,25.471235,0x437D7A40;
	  f far_plane = 1.100000;
	  x guid = 0x0FCC1727;
	  f horizontal_meters = 4.000000;
	  f lod = 1.000000;
	  f near_plane = 0.100000;
		texture = Art\Bitmaps\Decals\b_d_jng01-a.%img%;
	  f vertical_meters = 4.000000;
	}
	[t:decal,n:*]
	{
		decal_orientation = 0.503872,0.814161,0.288539,0.000000,0.334043,-0.942558,-0.863778,0.474929,0.168315;
		decal_origin = -12.515386,15.126892,25.622822,0x437D7A40;
	  f far_plane = 1.100000;
	  x guid = 0x7ED7BACC;
	  f horizontal_meters = 4.000000;
	  f lod = 1.000000;
	  f near_plane = 0.100000;
		texture = Art\Bitmaps\Decals\b_d_jng01-a.%img%;
	  f vertical_meters = 4.000000;
	}
	[t:decal,n:*]
	{
		decal_orientation = 0.000000,0.948683,0.316229,0.000000,0.316229,-0.948683,-1.000000,0.000000,0.000000;
		decal_origin = -12.475297,15.187744,25.679871,0x437D7A40;
	  f far_plane = 1.100000;
	  x guid = 0x00263EBC;
	  f horizontal_meters = 4.000000;
	  f lod = 1.000000;
	  f near_plane = 0.100000;
		texture = Art\Bitmaps\Decals\b_d_jng01-a.%img%;
	  f vertical_meters = 4.000000;
	}
	[t:decal,n:*]
	{
		decal_orientation = 0.000000,-0.955779,-0.294087,0.000000,0.294087,-0.955779,1.000000,0.000000,0.000000;
		decal_origin = -31.502254,15.257136,25.514439,0x593BA1AA;
	  f far_plane = 1.100000;
	  x guid = 0x7595CB88;
	  f horizontal_meters = 4.000000;
	  f lod = 1.000000;
	  f near_plane = 0.100000;
		texture = Art\Bitmaps\Decals\b_d_jng01-a.%img%;
	  f vertical_meters = 4.000000;
	}
	[t:decal,n:*]
	{
		decal_orientation = 0.995275,0.095179,0.019220,0.000000,0.197939,-0.980214,-0.097100,0.975583,0.197004;
		decal_origin = -33.031582,15.193014,25.269102,0x593BA1AA;
	  f far_plane = 1.100000;
	  x guid = 0x5613BED2;
	  f horizontal_meters = 4.000000;
	  f lod = 1.000000;
	  f near_plane = 0.100000;
		texture = Art\Bitmaps\Decals\b_d_jng01-a.%img%;
	  f vertical_meters = 4.000000;
	}
	[t:decal,n:*]
	{
		decal_orientation = 0.000000,-0.995037,-0.099504,0.000000,0.099504,-0.995037,1.000000,0.000000,0.000000;
		decal_origin = -35.323166,15.287303,25.298124,0x593BA1AA;
	  f far_plane = 1.100000;
	  x guid = 0xC79D81DC;
	  f horizontal_meters = 4.000000;
	  f lod = 1.000000;
	  f near_plane = 0.100000;
		texture = Art\Bitmaps\Decals\b_d_jng01-a.%img%;
	  f vertical_meters = 4.000000;
	}
	[t:decal,n:*]
	{
		decal_orientation = 0.747410,-0.578012,-0.327538,0.000000,0.493010,-0.870024,0.664363,0.650265,0.368481;
		decal_origin = -37.460091,15.195502,24.767956,0x593BA1AA;
	  f far_plane = 1.100000;
	  x guid = 0xDD60E0D9;
	  f horizontal_meters = 4.000000;
	  f lod = 1.000000;
	  f near_plane = 0.100000;
		texture = Art\Bitmaps\Decals\b_d_jng01-a.%img%;
	  f vertical_meters = 4.000000;
	}
	[t:decal,n:*]
	{
		decal_orientation = 0.000000,-1.000000,0.000000,0.000000,0.000000,-1.000000,1.000000,0.000000,0.000000;
		decal_origin = -38.897957,15.349999,25.334108,0x593BA1AA;
	  f far_plane = 1.100000;
	  x guid = 0xFC343CD4;
	  f horizontal_meters = 4.000000;
	  f lod = 1.000000;
	  f near_plane = 0.100000;
		texture = Art\Bitmaps\Decals\b_d_jng01-a.%img%;
	  f vertical_meters = 4.000000;
	}
	[t:decal,n:*]
	{
		decal_orientation = 0.000000,-1.000000,0.000000,0.000000,0.000000,-1.000000,1.000000,0.000000,0.000000;
		decal_origin = -39.487072,15.349999,23.115847,0x593BA1AA;
	  f far_plane = 1.100000;
	  x guid = 0x7708A6EC;
	  f horizontal_meters = 4.000000;
	  f lod = 1.000000;
	  f near_plane = 0.100000;
		texture = Art\Bitmaps\Decals\b_d_jng01-a.%img%;
	  f vertical_meters = 4.000000;
	}
	[t:decal,n:*]
	{
		decal_orientation = -0.242536,-0.917495,-0.315244,0.000000,0.324946,-0.945733,0.970142,-0.229375,-0.078811;
		decal_origin = -38.879898,15.268394,23.237473,0x593BA1AA;
	  f far_plane = 1.100000;
	  x guid = 0xE87B51A6;
	  f horizontal_meters = 4.000000;
	  f lod = 1.000000;
	  f near_plane = 0.100000;
		texture = Art\Bitmaps\Decals\b_d_jng01-a.%img%;
	  f vertical_meters = 4.000000;
	}
	[t:decal,n:*]
	{
		decal_orientation = 0.000000,-0.970142,-0.242536,0.000000,0.242536,-0.970142,1.000000,0.000000,0.000000;
		decal_origin = -39.433189,15.239074,21.146252,0x593BA1AA;
	  f far_plane = 1.100000;
	  x guid = 0x4DB21665;
	  f horizontal_meters = 4.000000;
	  f lod = 1.000000;
	  f near_plane = 0.100000;
		texture = Art\Bitmaps\Decals\b_d_jng01-a.%img%;
	  f vertical_meters = 4.000000;
	}
	[t:decal,n:*]
	{
		decal_orientation = 0.000000,-0.970142,-0.242536,0.000000,0.242536,-0.970142,1.000000,0.000000,0.000000;
		decal_origin = -39.559109,15.270554,18.493233,0x593BA1AA;
	  f far_plane = 1.100000;
	  x guid = 0x30BFBF23;
	  f horizontal_meters = 4.000000;
	  f lod = 1.000000;
	  f near_plane = 0.100000;
