[decals]
{
	[t:decal,n:*]
	{
		decal_orientation = 0.000000,-1.000000,0.000000,0.000000,0.000000,-1.000000,1.000000,0.000000,0.000000;
		decal_origin = -2.000000,2.000000,-0.000000,0xA9EB32F6;
	  f far_plane = 2.200000;
	  x guid = 0xEDB14C26;
	  f horizontal_meters = 8.000000;
	  f lod = 1.000000;
	  f near_plane = 0.100000;
		texture = Art\Bitmaps\Decals\b_d_for01-a.%img%;
	  f vertical_meters = 8.000000;
	}
	[t:decal,n:*]
	{
		decal_orientation = 0.000000,-1.000000,0.000000,0.000000,0.000000,-1.000000,1.000000,0.000000,0.000000;
		decal_origin = -0.000000,2.000000,2.000000,0xD8ED24E3;
	  f far_plane = 2.200000;
	  x guid = 0x1B67CC59;
	  f horizontal_meters = 8.000000;
	  f lod = 1.000000;
	  f near_plane = 0.100000;
		texture = Art\Bitmaps\Decals\b_d_for01-a.%img%;
	  f vertical_meters = 8.000000;
	}
	[t:decal,n:*]
	{
		decal_orientation = 0.000000,-1.000000,0.000000,0.000000,0.000000,-1.000000,1.000000,0.000000,0.000000;
		decal_origin = 0.701666,1.000000,-1.748041,0xA2038A8D;
	  f far_plane = 1.100000;
	  x guid = 0x4AC77E9D;
	  f horizontal_meters = 4.000000;
	  f lod = 1.000000;
	  f near_plane = 0.100000;
		texture = art\bitmaps\decals\b_d_swp-a.raw;
	  f vertical_meters = 4.000000;
	}
	[t:decal,n:*]
	{
		decal_orientation = 0.000000,-1.000000,0.000000,0.000000,0.000000,-1.000000,1.000000,0.000000,0.000000;
		decal_origin = -1.370063,1.000002,-1.991179,0xA2038A8D;
	  f far_plane = 1.100000;
	  x guid = 0xA57026AD;
	  f horizontal_meters = 4.000000;
	  f lod = 1.000000;
	  f near_plane = 0.100000;
		texture = art\bitmaps\decals\b_d_swp-a.raw;
	  f vertical_meters = 4.000000;
	}
	[t:decal,n:*]
	{
		decal_orientation = 0.000000,-1.000000,0.000000,0.000000,0.000000,-1.000000,1.000000,0.000000,0.000000;
		decal_origin = -1.598693,4.799999,1.955196,0xD8B64C57;
	  f far_plane = 1.100000;
	  x guid = 0x38FB4312;
	  f horizontal_meters = 4.000000;
	  f lod = 1.000000;
	  f near_plane = 0.100000;
		texture = art\bitmaps\decals\b_d_swp-a.raw;
	  f vertical_meters = 4.000000;
	}
	[t:decal,n:*]
	{
		decal_orientation = 0.000000,-1.000000,0.000000,0.000000,0.000000,-1.000000,1.000000,0.000000,0.000000;
		decal_origin = 1.782023,1.000000,-1.313167,0x1AD69E86;
	  f far_plane = 1.100000;
	  x guid = 0xF86BD5D2;
	  f horizontal_meters = 4.000000;
	  f lod = 1.000000;
	  f near_plane = 0.100000;
		texture = art\bitmaps\decals\b_d_swp-a.raw;
	  f vertical_meters = 4.000000;
	}
	[t:decal,n:*]
	{
		decal_orientation = 0.000000,-1.000000,0.000000,0.000000,0.000000,-1.000000,1.000000,0.000000,0.000000;
		decal_origin = 0.192053,4.799999,0.194542,0xD8B64C57;
	  f far_plane = 1.100000;
	  x guid = 0x07E0A449;
	  f horizontal_meters = 4.000000;
	  f lod = 1.000000;
	  f near_plane = 0.100000;
		texture = art\bitmaps\decals\b_d_swp-a.raw;
	  f vertical_meters = 4.000000;
	}
	[t:decal,n:*]
	{
		decal_orientation = -0.998371,0.057037,0.001215,0.000000,0.021294,-0.999773,-0.057050,-0.998145,-0.021259;
		decal_origin = 0.462366,3.382242,2.586593,0x08C55C0B;
	  f far_plane = 1.100000;
	  x guid = 0xE6A599A3;
	  f horizontal_meters = 4.000000;
	  f lod = 1.000000;
	  f near_plane = 0.100000;
		texture = art\bitmaps\decals\b_d_swp-a.raw;
	  f vertical_meters = 4.000000;
	}
	[t:decal,n:*]
	{
		decal_orientation = 0.000000,0.999889,0.014924,0.000000,0.014924,-0.999889,-1.000000,0.000000,0.000000;
		decal_origin = -1.135845,3.380176,-0.204059,0x08C55C0B;
	  f far_plane = 1.100000;
	  x guid = 0xB5C87F02;
	  f horizontal_meters = 4.000000;
	  f lod = 1.000000;
	  f near_plane = 0.100000;
		texture = art\bitmaps\decals\b_d_swp-a.raw;
	  f vertical_meters = 4.000000;
	}
	[t:decal,n:*]
	{
		decal_orientation = -0.375193,-0.882122,-0.284766,0.000000,0.307209,-0.951642,0.926947,-0.357049,-0.115263;
		decal_origin = 0.924474,3.314164,-0.511611,0x08C55C0B;
	  f far_plane = 1.100000;
	  x guid = 0xE7DC88F8;
	  f horizontal_meters = 4.000000;
	  f lod = 1.000000;
	  f near_plane = 0.100000;
		texture = art\bitmaps\decals\b_d_swp-a.raw;
	  f vertical_meters = 4.000000;
	}
	[t:decal,n:*]
	{
		decal_orientation = 0.984784,0.173748,0.003618,0.000000,0.020819,-0.999783,-0.173785,0.984570,0.020502;
		decal_origin = 0.286085,3.396157,-2.013208,0x08C55C0B;
	  f far_plane = 1.100000;
	  x guid = 0x60CD9C6F;
	  f horizontal_meters = 4.000000;
	  f lod = 1.000000;
	  f near_plane = 0.100000;
		texture = art\bitmaps\decals\b_d_swp-a.raw;
	  f vertical_meters = 4.000000;
	}
	[t:decal,n:*]
	{
		decal_orientation = 1.000000,0.000000,0.000000,0.000000,0.292219,-0.956352,0.000000,0.956352,0.292219;
		decal_origin = -0.241848,3.055488,-8.131409,0x078E4373;
	  f far_plane = 1.100000;
	  x guid = 0x0D6424EB;
	  f horizontal_meters = 4.000000;
	  f lod = 1.000000;
	  f near_plane = 0.100000;
		texture = art\bitmaps\decals\b_d_swp-a.raw;
	  f vertical_meters = 4.000000;
	}
	[t:decal,n:*]
	{
		decal_orientation = -1.000000,0.000000,0.000000,0.000000,0.292219,-0.956352,0.000000,-0.956352,-0.292219;
		decal_origin = 0.071058,3.221475,9.588181,0x3254EB2D;
	  f far_plane = 1.100000;
	  x guid = 0x31439955;
	  f horizontal_meters = 4.000000;
	  f lod = 1.000000;
	  f near_plane = 0.100000;
		texture = art\bitmaps\decals\b_d_swp-a.raw;
	  f vertical_meters = 4.000000;
	}
	[t:decal,n:*]
	{
		decal_orientation = -0.887754,0.420942,0.186279,0.000000,0.404675,-0.914460,-0.460317,-0.811816,-0.359252;
		decal_origin = -0.453590,3.147107,7.755733,0x078E4373;
	  f far_plane = 1.100000;
	  x guid = 0x0AB42733;
	  f horizontal_meters = 4.000000;
	  f lod = 1.000000;
	  f near_plane = 0.100000;
		texture = art\bitmaps\decals\b_d_swp-a.raw;
	  f vertical_meters = 4.000000;
	}
	[t:decal,n:*]
	{
		decal_orientation = -1.000000,0.000000,0.000000,0.000000,0.292219,-0.956352,0.000000,-0.956352,-0.292219;
		decal_origin = 0.243506,3.273267,9.418684,0x1C21F6FB;
	  f far_plane = 1.100000;
	  x guid = 0xF538CF0F;
	  f horizontal_meters = 4.000000;
	  f lod = 1.000000;
	  f near_plane = 0.100000;
		texture = art\bitmaps\decals\b_d_swp-a.raw;
	  f vertical_meters = 4.000000;
	}
	[t:decal,n:*]
	{
		decal_orientation = -1.000000,0.000000,0.000000,0.000000,0.022721,-0.999742,0.000000,-0.999742,-0.022721;
		decal_origin = 0.796871,3.379821,2.699105,0x45691FD1;
	  f far_plane = 1.100000;
	  x guid = 0xB0C9A736;
	  f horizontal_meters = 4.000000;
	  f lod = 1.000000;
	  f near_plane = 0.100000;
		texture = art\bitmaps\decals\b_d_swp-a.raw;
	  f vertical_meters = 4.000000;
	}
	[t:decal,n:*]
	{
		decal_orientation = 0.000000,-1.000000,0.000000,0.000000,0.000000,-1.000000,1.000000,0.000000,0.000000;
		decal_origin = 0.326195,3.400000,1.016897,0x45691FD1;
	  f far_plane = 1.100000;
	  x guid = 0x8B611A8B;
	  f horizontal_meters = 4.000000;
	  f lod = 1.000000;
	  f near_plane = 0.100000;
		texture = art\bitmaps\decals\b_d_swp-a.raw;
	  f vertical_meters = 4.000000;
	}
	[t:decal,n:*]
	{
		decal_orientation = -0.375193,-0.882122,-0.284766,0.000000,0.307209,-0.951642,0.926947,-0.357049,-0.115263;
		decal_origin = 1.133409,3.284667,-0.784323,0x45691FD1;
	  f far_plane = 1.100000;
	  x guid = 0x7AF70D58;
	  f horizontal_meters = 4.000000;
	  f lod = 1.000000;
	  f near_plane = 0.100000;
		texture = art\bitmaps\decals\b_d_swp-a.raw;
	  f vertical_meters = 4.000000;
	}
	[t:decal,n:*]
	{
		decal_orientation = 0.000000,-1.000000,0.000000,0.000000,0.000000,-1.000000,1.000000,0.000000,0.000000;
		decal_origin = -0.467136,3.399998,-1.386355,0x45691FD1;
	  f far_plane = 1.100000;
	  x guid = 0x280B033E;
	  f horizontal_meters = 4.000000;
	  f lod = 1.000000;
	  f near_plane = 0.100000;
		texture = art\bitmaps\decals\b_d_swp-a.raw;
	  f vertical_meters = 4.000000;
	}
	[t:decal,n:*]
	{
		decal_orientation = 1.000000,0.000000,0.000000,0.000000,0.253359,-0.967372,0.000000,0.967372,0.253359;
		decal_origin = 0.143330,2.677999,-6.212777,0x64B8DDF7;
	  f far_plane = 1.100000;
	  x guid = 0x59840FB6;
	  f horizontal_meters = 4.000000;
	  f lod = 1.000000;
	  f near_plane = 0.100000;
		texture = art\bitmaps\decals\b_d_swp-a.raw;
	  f vertical_meters = 4.000000;
	}
	[t:decal,n:*]
	{
		decal_orientation = 0.000000,-1.000000,0.000000,0.000000,0.000000,-1.000000,1.000000,0.000000,0.000000;
		decal_origin = -2.787032,4.799999,1.933273,0xA6248C3C;
	  f far_plane = 1.100000;
	  x guid = 0x29C2064B;
	  f horizontal_meters = 4.000000;
	  f lod = 1.000000;
	  f near_plane = 0.100000;
		texture = art\bitmaps\decals\b_d_swp-a.raw;
	  f vertical_meters = 4.000000;
	}
	[t:decal,n:*]
	{
		decal_orientation = 0.000000,-1.000000,0.000000,0.000000,0.000000,-1.000000,1.000000,0.000000,0.000000;
		decal_origin = -0.579510,4.799997,1.816268,0xA6248C3C;
	  f far_plane = 1.100000;
	  x guid = 0x29F29968;
	  f horizontal_meters = 4.000000;
	  f lod = 1.000000;
	  f near_plane = 0.100000;
		texture = art\bitmaps\decals\b_d_swp-a.raw;
	  f vertical_meters = 4.000000;
	}
	[t:decal,n:*]
	{
		decal_orientation = 0.000000,-1.000000,0.000000,0.000000,0.000000,-1.000000,1.000000,0.000000,0.000000;
		decal_origin = 0.953170,4.800001,1.842525,0xA6248C3C;
	  f far_plane = 1.100000;
	  x guid = 0x66E1E9D3;
	  f horizontal_meters = 4.000000;
	  f lod = 1.000000;
	  f near_plane = 0.100000;
		texture = art\bitmaps\decals\b_d_swp-a.raw;
	  f vertical_meters = 4.000000;
	}
	[t:decal,n:*]
	{
		decal_orientation = 0.000000,-1.000000,0.000000,0.000000,0.000000,-1.000000,1.000000,0.000000,0.000000;
		decal_origin = 2.909824,4.799999,1.879996,0xA6248C3C;
	  f far_plane = 1.100000;
	  x guid = 0xB0B8E9CC;
	  f horizontal_meters = 4.000000;
	  f lod = 1.000000;
	  f near_plane = 0.100000;
		texture = art\bitmaps\decals\b_d_swp-a.raw;
	  f vertical_meters = 4.000000;
	}
	[t:decal,n:*]
	{
		decal_orientation = 0.000000,-1.000000,0.000000,0.000000,0.000000,-1.000000,1.000000,0.000000,0.000000;
		decal_origin = 1.822675,4.800001,-0.320334,0xA6248C3C;
	  f far_plane = 1.100000;
	  x guid = 0x64C49BB1;
	  f horizontal_meters = 4.000000;
	  f lod = 1.000000;
	  f near_plane = 0.100000;
		texture = art\bitmaps\decals\b_d_swp-a.raw;
	  f vertical_meters = 4.000000;
	}
	[t:decal,n:*]
	{
		decal_orientation = 0.000000,-1.000000,0.000000,0.000000,0.000000,-1.000000,1.000000,0.000000,0.000000;
		decal_origin = -1.714900,4.800001,-0.133995,0xA6248C3C;
	  f far_plane = 1.100000;
	  x guid = 0x0C7B059F;
	  f horizontal_meters = 4.000000;
	  f lod = 1.000000;
	  f near_plane = 0.100000;
		texture = art\bitmaps\decals\b_d_swp-a.raw;
	  f vertical_meters = 4.000000;
	}
}
