[decals]
{
	[t:decal,n:*]
	{
		decal_orientation = 0.000000,-1.000000,0.000000,0.000000,0.000000,-1.000000,1.000000,0.000000,0.000000;
		decal_origin = -1.718446,1.000000,-1.197308,0xBC2F6421;
	  f far_plane = 1.100000;
	  x guid = 0xDB47A6F3;
	  f horizontal_meters = 4.000000;
	  f lod = 1.000000;
	  f near_plane = 0.100000;
		texture = Art\Bitmaps\Decals\b_d_grs01-a.%img%;
	  f vertical_meters = 4.000000;
	}
	[t:decal,n:*]
	{
		decal_orientation = 0.000000,-1.000000,0.000000,0.000000,0.000000,-1.000000,1.000000,0.000000,0.000000;
		decal_origin = 3.136376,-0.649998,3.276307,0x83F0986E;
	  f far_plane = 1.100000;
	  x guid = 0xEA28F446;
	  f horizontal_meters = 4.000000;
	  f lod = 1.000000;
	  f near_plane = 0.100000;
		texture = Art\Bitmaps\Decals\b_d_grs01-a.%img%;
	  f vertical_meters = 4.000000;
	}
	[t:decal,n:*]
	{
		decal_orientation = 0.000000,-1.000000,0.000000,0.000000,0.000000,-1.000000,1.000000,0.000000,0.000000;
		decal_origin = 1.160016,-0.650001,3.731515,0x83F0986E;
	  f far_plane = 1.100000;
	  x guid = 0x998B7822;
	  f horizontal_meters = 4.000000;
	  f lod = 1.000000;
	  f near_plane = 0.100000;
		texture = Art\Bitmaps\Decals\b_d_grs01-a.%img%;
	  f vertical_meters = 4.000000;
	}
	[t:decal,n:*]
	{
		decal_orientation = 0.000000,-1.000000,0.000000,0.000000,0.000000,-1.000000,1.000000,0.000000,0.000000;
		decal_origin = 2.694022,-0.650000,-2.933273,0x83F0986E;
	  f far_plane = 1.100000;
	  x guid = 0x5B7D44EE;
	  f horizontal_meters = 4.000000;
	  f lod = 1.000000;
	  f near_plane = 0.100000;
		texture = Art\Bitmaps\Decals\b_d_grs01-a.%img%;
	  f vertical_meters = 4.000000;
	}
	[t:decal,n:*]
	{
		decal_orientation = 0.000000,-1.000000,0.000000,0.000000,0.000000,-1.000000,1.000000,0.000000,0.000000;
		decal_origin = 0.228536,-0.649998,-3.707095,0x83F0986E;
	  f far_plane = 1.100000;
	  x guid = 0x1F467C97;
	  f horizontal_meters = 4.000000;
	  f lod = 1.000000;
	  f near_plane = 0.100000;
		texture = Art\Bitmaps\Decals\b_d_grs01-a.%img%;
	  f vertical_meters = 4.000000;
	}
	[t:decal,n:*]
	{
		decal_orientation = 0.000000,-1.000000,0.000000,0.000000,0.000000,-1.000000,1.000000,0.000000,0.000000;
		decal_origin = -1.683821,-0.650000,-3.374040,0x83F0986E;
	  f far_plane = 1.100000;
	  x guid = 0xC4BC3475;
	  f horizontal_meters = 4.000000;
	  f lod = 1.000000;
	  f near_plane = 0.100000;
		texture = Art\Bitmaps\Decals\b_d_grs01-a.%img%;
	  f vertical_meters = 4.000000;
	}
	[t:decal,n:*]
	{
		decal_orientation = 0.000000,-1.000000,0.000000,0.000000,0.000000,-1.000000,1.000000,0.000000,0.000000;
		decal_origin = -2.938486,-0.650002,-2.207822,0x83F0986E;
	  f far_plane = 1.100000;
	  x guid = 0x2A1DFD21;
	  f horizontal_meters = 4.000000;
	  f lod = 1.000000;
	  f near_plane = 0.100000;
		texture = Art\Bitmaps\Decals\b_d_grs01-a.%img%;
	  f vertical_meters = 4.000000;
	}
	[t:decal,n:*]
	{
		decal_orientation = 0.000000,-1.000000,0.000000,0.000000,0.000000,-1.000000,1.000000,0.000000,0.000000;
		decal_origin = -3.503512,-0.650000,-3.455855,0x83F0986E;
	  f far_plane = 1.100000;
	  x guid = 0xD7816AE3;
	  f horizontal_meters = 4.000000;
	  f lod = 1.000000;
	  f near_plane = 0.100000;
		texture = Art\Bitmaps\Decals\b_d_grs01-a.%img%;
	  f vertical_meters = 4.000000;
	}
	[t:decal,n:*]
	{
		decal_orientation = 0.000000,-1.000000,0.000000,0.000000,0.000000,-1.000000,1.000000,0.000000,0.000000;
		decal_origin = -3.904374,-0.650002,0.413866,0x83F0986E;
	  f far_plane = 1.100000;
	  x guid = 0x63B5CA6E;
	  f horizontal_meters = 4.000000;
	  f lod = 1.000000;
	  f near_plane = 0.100000;
		texture = Art\Bitmaps\Decals\b_d_grs01-a.%img%;
	  f vertical_meters = 4.000000;
	}
	[t:decal,n:*]
	{
		decal_orientation = 0.000000,-1.000000,0.000000,0.000000,0.000000,-1.000000,1.000000,0.000000,0.000000;
		decal_origin = -3.461885,-0.650000,2.385942,0x83F0986E;
	  f far_plane = 1.100000;
	  x guid = 0xC3BFD878;
	  f horizontal_meters = 4.000000;
	  f lod = 1.000000;
	  f near_plane = 0.100000;
		texture = Art\Bitmaps\Decals\b_d_grs01-a.%img%;
	  f vertical_meters = 4.000000;
	}
	[t:decal,n:*]
	{
		decal_orientation = 0.000000,-1.000000,0.000000,0.000000,0.000000,-1.000000,1.000000,0.000000,0.000000;
		decal_origin = -2.896622,-0.650001,3.389996,0x83F0986E;
	  f far_plane = 1.100000;
	  x guid = 0x12DA8978;
	  f horizontal_meters = 4.000000;
	  f lod = 1.000000;
	  f near_plane = 0.100000;
		texture = Art\Bitmaps\Decals\b_d_grs01-a.%img%;
	  f vertical_meters = 4.000000;
	}
	[t:decal,n:*]
	{
		decal_orientation = 0.000000,-1.000000,0.000000,0.000000,0.000000,-1.000000,1.000000,0.000000,0.000000;
		decal_origin = 3.395124,-0.650002,-1.460858,0x83F0986E;
	  f far_plane = 1.100000;
	  x guid = 0x32F08347;
	  f horizontal_meters = 4.000000;
	  f lod = 1.000000;
	  f near_plane = 0.100000;
		texture = Art\Bitmaps\Decals\b_d_grs01-a.%img%;
	  f vertical_meters = 4.000000;
	}
	[t:decal,n:*]
	{
		decal_orientation = 0.000000,-1.000000,0.000000,0.000000,0.000000,-1.000000,1.000000,0.000000,0.000000;
		decal_origin = 0.654816,-0.349998,-1.162078,0x83F0986E;
	  f far_plane = 1.100000;
	  x guid = 0xC592B0C7;
	  f horizontal_meters = 4.000000;
	  f lod = 1.000000;
	  f near_plane = 0.100000;
		texture = Art\Bitmaps\Decals\b_d_dust-a.%img%;
	  f vertical_meters = 4.000000;
	}
	[t:decal,n:*]
	{
		decal_orientation = 0.000000,-1.000000,0.000000,0.000000,0.000000,-1.000000,1.000000,0.000000,0.000000;
		decal_origin = -1.293447,-0.350002,0.196062,0x83F0986E;
	  f far_plane = 1.100000;
	  x guid = 0x31BC6C23;
	  f horizontal_meters = 4.000000;
	  f lod = 1.000000;
	  f near_plane = 0.100000;
		texture = Art\Bitmaps\Decals\b_d_dust-a.%img%;
	  f vertical_meters = 4.000000;
	}
	[t:decal,n:*]
	{
		decal_orientation = 0.000000,-1.000000,0.000000,0.000000,0.000000,-1.000000,1.000000,0.000000,0.000000;
		decal_origin = -0.865677,-0.350002,1.958090,0x83F0986E;
	  f far_plane = 1.100000;
	  x guid = 0xF07E7178;
	  f horizontal_meters = 4.000000;
	  f lod = 1.000000;
	  f near_plane = 0.100000;
		texture = Art\Bitmaps\Decals\b_d_dust-a.%img%;
	  f vertical_meters = 4.000000;
	}
	[t:decal,n:*]
	{
		decal_orientation = 0.000000,-1.000000,0.000000,0.000000,0.000000,-1.000000,1.000000,0.000000,0.000000;
		decal_origin = -1.949557,1.000000,-0.583668,0xA4665539;
	  f far_plane = 1.100000;
	  x guid = 0xAB917339;
	  f horizontal_meters = 4.000000;
	  f lod = 1.000000;
	  f near_plane = 0.100000;
		texture = Art\Bitmaps\Decals\b_d_grs01-a.%img%;
	  f vertical_meters = 4.000000;
	}
	[t:decal,n:*]
	{
		decal_orientation = 0.515196,-0.652728,-0.555446,0.000000,0.648073,-0.761578,0.857072,0.392362,0.333885;
		decal_origin = 3.776754,0.278966,0.785215,0xE02D0A5B;
	  f far_plane = 1.100000;
	  x guid = 0x35265D54;
	  f horizontal_meters = 4.000000;
	  f lod = 1.000000;
	  f near_plane = 0.100000;
		texture = Art\Bitmaps\Decals\b_d_grs01-a.%img%;
	  f vertical_meters = 4.000000;
	}
	[t:decal,n:*]
	{
		decal_orientation = 0.503703,-0.731225,-0.459993,0.000000,0.532476,-0.846446,0.863877,0.426357,0.268209;
		decal_origin = 2.786000,0.176801,-1.158176,0xE02D0A5B;
	  f far_plane = 1.100000;
	  x guid = 0xC6ED4C5E;
	  f horizontal_meters = 4.000000;
	  f lod = 1.000000;
	  f near_plane = 0.100000;
		texture = Art\Bitmaps\Decals\b_d_grs01-a.%img%;
	  f vertical_meters = 4.000000;
	}
	[t:decal,n:*]
	{
		decal_orientation = 0.270858,-0.733077,-0.623886,0.000000,0.648113,-0.761545,0.962619,0.206271,0.175547;
		decal_origin = 2.111696,0.279144,-2.957985,0xE02D0A5B;
	  f far_plane = 1.100000;
	  x guid = 0xC728F713;
	  f horizontal_meters = 4.000000;
	  f lod = 1.000000;
	  f near_plane = 0.100000;
		texture = Art\Bitmaps\Decals\b_d_grs01-a.%img%;
	  f vertical_meters = 4.000000;
	}
	[t:decal,n:*]
	{
		decal_orientation = 0.325350,-0.743554,-0.584187,0.000000,0.617800,-0.786336,0.945594,0.255834,0.201001;
		decal_origin = 0.561656,1.632652,-2.281121,0xE02D0A5B;
	  f far_plane = 1.100000;
	  x guid = 0xC507CB5C;
	  f horizontal_meters = 4.000000;
	  f lod = 1.000000;
	  f near_plane = 0.100000;
		texture = Art\Bitmaps\Decals\b_d_grs01-a.%img%;
	  f vertical_meters = 4.000000;
	}
	[t:decal,n:*]
	{
		decal_orientation = 0.410229,-0.740017,-0.532998,0.000000,0.584439,-0.811437,0.911983,0.332875,0.239754;
		decal_origin = 2.344460,1.461801,1.440540,0xE02D0A5B;
	  f far_plane = 1.100000;
	  x guid = 0xA12B5F4D;
	  f horizontal_meters = 4.000000;
	  f lod = 1.000000;
	  f near_plane = 0.100000;
		texture = Art\Bitmaps\Decals\b_d_grs01-a.%img%;
	  f vertical_meters = 4.000000;
	}
	[t:decal,n:*]
	{
		decal_orientation = 0.515196,-0.652728,-0.555446,0.000000,0.648073,-0.761578,0.857072,0.392362,0.333885;
		decal_origin = 1.467818,1.414108,-0.466686,0xE02D0A5B;
	  f far_plane = 1.100000;
	  x guid = 0x513606E3;
	  f horizontal_meters = 4.000000;
	  f lod = 1.000000;
	  f near_plane = 0.100000;
		texture = Art\Bitmaps\Decals\b_d_grs01-a.%img%;
	  f vertical_meters = 4.000000;
	}
	[t:decal,n:*]
	{
		decal_orientation = -0.238964,0.788270,0.567034,0.000000,0.583952,-0.811788,-0.971028,-0.193988,-0.139543;
		decal_origin = -1.513705,1.175151,0.615809,0xE02D0A5B;
	  f far_plane = 1.100000;
	  x guid = 0x423320CE;
	  f horizontal_meters = 4.000000;
	  f lod = 1.000000;
	  f near_plane = 0.100000;
		texture = Art\Bitmaps\Decals\b_d_grs01-a.%img%;
	  f vertical_meters = 4.000000;
	}
	[t:decal,n:*]
	{
		decal_orientation = -0.238964,0.788270,0.567034,0.000000,0.583952,-0.811788,-0.971028,-0.193988,-0.139543;
		decal_origin = -0.448345,1.693136,1.931537,0xE02D0A5B;
	  f far_plane = 1.100000;
	  x guid = 0x409AF109;
	  f horizontal_meters = 4.000000;
	  f lod = 1.000000;
	  f near_plane = 0.100000;
		texture = Art\Bitmaps\Decals\b_d_grs01-a.%img%;
	  f vertical_meters = 4.000000;
	}
	[t:decal,n:*]
	{
		decal_orientation = -0.269539,0.772848,0.574504,0.000000,0.596584,-0.802551,-0.962989,-0.216319,-0.160803;
		decal_origin = -2.226776,0.183572,3.183316,0xE02D0A5B;
	  f far_plane = 1.100000;
	  x guid = 0xE9BDDE11;
	  f horizontal_meters = 4.000000;
	  f lod = 1.000000;
	  f near_plane = 0.100000;
		texture = Art\Bitmaps\Decals\b_d_grs01-a.%img%;
	  f vertical_meters = 4.000000;
	}
	[t:decal,n:*]
	{
		decal_orientation = -0.462087,0.742478,0.484976,0.000000,0.546862,-0.837222,-0.886834,-0.386870,-0.252698;
		decal_origin = -2.939325,0.081749,1.249347,0xE02D0A5B;
	  f far_plane = 1.100000;
	  x guid = 0x436109B9;
	  f horizontal_meters = 4.000000;
	  f lod = 1.000000;
	  f near_plane = 0.100000;
		texture = Art\Bitmaps\Decals\b_d_grs01-a.%img%;
	  f vertical_meters = 4.000000;
	}
	[t:decal,n:*]
	{
		decal_orientation = -0.460704,0.685973,0.563199,0.000000,0.634552,-0.772881,-0.887554,-0.356069,-0.292340;
		decal_origin = -3.615651,0.261800,-0.649141,0xE02D0A5B;
	  f far_plane = 1.100000;
	  x guid = 0x5866BAAD;
	  f horizontal_meters = 4.000000;
	  f lod = 1.000000;
	  f near_plane = 0.100000;
		texture = Art\Bitmaps\Decals\b_d_grs01-a.%img%;
	  f vertical_meters = 4.000000;
	}
	[t:decal,n:*]
	{
		decal_orientation = 0.410229,-0.740017,-0.532998,0.000000,0.584439,-0.811437,0.911983,0.332875,0.239754;
		decal_origin = 1.914101,1.539328,0.746193,0xE02D0A5B;
	  f far_plane = 1.100000;
	  x guid = 0x7FEF4668;
	  f horizontal_meters = 4.000000;
	  f lod = 1.000000;
	  f near_plane = 0.100000;
		texture = Art\Bitmaps\Decals\b_d_jng01-a.%img%;
	  f vertical_meters = 4.000000;
	}
	[t:decal,n:*]
	{
		decal_orientation = 0.270858,-0.733077,-0.623886,0.000000,0.648113,-0.761545,0.962619,0.206271,0.175547;
		decal_origin = 2.074706,0.736694,-1.104545,0xE02D0A5B;
	  f far_plane = 1.100000;
	  x guid = 0x08A17991;
	  f horizontal_meters = 4.000000;
	  f lod = 1.000000;
	  f near_plane = 0.100000;
		texture = Art\Bitmaps\Decals\b_d_jng01-a.%img%;
	  f vertical_meters = 4.000000;
	}
	[t:decal,n:*]
	{
		decal_orientation = 0.325350,-0.743554,-0.584187,0.000000,0.617800,-0.786336,0.945594,0.255834,0.201001;
		decal_origin = 0.645387,1.681069,-1.848368,0xE02D0A5B;
	  f far_plane = 1.100000;
	  x guid = 0xC8CD442A;
	  f horizontal_meters = 4.000000;
	  f lod = 1.000000;
	  f near_plane = 0.100000;
		texture = Art\Bitmaps\Decals\b_d_jng01-a.%img%;
	  f vertical_meters = 4.000000;
	}
	[t:decal,n:*]
	{
		decal_orientation = -0.238964,0.788270,0.567034,0.000000,0.583952,-0.811788,-0.971028,-0.193988,-0.139543;
		decal_origin = -0.592043,1.545629,2.205740,0xE02D0A5B;
	  f far_plane = 1.100000;
	  x guid = 0xB61325C7;
	  f horizontal_meters = 4.000000;
	  f lod = 1.000000;
	  f near_plane = 0.100000;
		texture = Art\Bitmaps\Decals\b_d_jng01-a.%img%;
	  f vertical_meters = 4.000000;
	}
	[t:decal,n:*]
	{
		decal_orientation = -0.460704,0.685973,0.563199,0.000000,0.634552,-0.772881,-0.887554,-0.356069,-0.292340;
		decal_origin = -2.766538,0.374555,0.688593,0xE02D0A5B;
	  f far_plane = 1.100000;
	  x guid = 0xD5B8D8BB;
	  f horizontal_meters = 4.000000;
	  f lod = 1.000000;
	  f near_plane = 0.100000;
		texture = Art\Bitmaps\Decals\b_d_jng01-a.%img%;
	  f vertical_meters = 4.000000;
	}
	[t:decal,n:*]
	{
		decal_orientation = -0.460704,0.685973,0.563199,0.000000,0.634552,-0.772881,-0.887554,-0.356069,-0.292340;
		decal_origin = -2.236521,1.521057,-1.321411,0xE02D0A5B;
	  f far_plane = 1.100000;
	  x guid = 0x845892D2;
	  f horizontal_meters = 4.000000;
	  f lod = 1.000000;
	  f near_plane = 0.100000;
		texture = Art\Bitmaps\Decals\b_d_jng01-a.%img%;
	  f vertical_meters = 4.000000;
	}
	[t:decal,n:*]
	{
		decal_orientation = -0.565919,0.668139,0.483039,0.000000,0.585885,-0.810395,-0.824461,-0.458618,-0.331563;
		decal_origin = -1.313097,1.478703,0.176781,0xE02D0A5B;
	  f far_plane = 1.100000;
	  x guid = 0xF3CB2AFC;
	  f horizontal_meters = 4.000000;
	  f lod = 1.000000;
	  f near_plane = 0.100000;
		texture = Art\Bitmaps\Decals\b_d_jng01-a.%img%;
	  f vertical_meters = 4.000000;
	}
}
