[decals]
{
	[t:decal,n:*]
	{
		decal_orientation = -0.051321,0.753183,0.655806,0.000000,0.656671,-0.754177,-0.998682,-0.038705,-0.033701;
		decal_origin = -2.892538,2.703882,-2.911289,0x306FE63C;
	  f far_plane = 1.100000;
	  x guid = 0xDBC4A1C6;
	  f horizontal_meters = 4.000000;
	  f lod = 1.000000;
	  f near_plane = 0.100000;
		texture = art\bitmaps\decals\b_d_for01-a.raw;
	  f vertical_meters = 4.000000;
	}
	[t:decal,n:*]
	{
		decal_orientation = -0.051321,0.753183,0.655806,0.000000,0.656671,-0.754177,-0.998682,-0.038705,-0.033701;
		decal_origin = -1.558398,2.593836,-2.469138,0x65ED0EB2;
	  f far_plane = 1.100000;
	  x guid = 0xB0E45052;
	  f horizontal_meters = 4.000000;
	  f lod = 1.000000;
	  f near_plane = 0.100000;
		texture = art\bitmaps\decals\b_d_for01-a.raw;
	  f vertical_meters = 4.000000;
	}
	[t:decal,n:*]
	{
		decal_orientation = -0.126428,0.782563,0.609599,0.000000,0.614530,-0.788893,-0.991976,-0.099738,-0.077694;
		decal_origin = -1.295474,2.612298,-0.533749,0x65ED0EB2;
	  f far_plane = 1.100000;
	  x guid = 0x85E7B6D0;
	  f horizontal_meters = 4.000000;
	  f lod = 1.000000;
	  f near_plane = 0.100000;
		texture = art\bitmaps\decals\b_d_for01-a.raw;
	  f vertical_meters = 4.000000;
	}
	[t:decal,n:*]
	{
		decal_orientation = 0.108598,0.784856,0.610088,0.000000,0.613718,-0.789526,-0.994086,0.085741,0.066648;
		decal_origin = -1.516945,2.532838,1.070763,0x65ED0EB2;
	  f far_plane = 1.100000;
	  x guid = 0xF2F3366B;
	  f horizontal_meters = 4.000000;
	  f lod = 1.000000;
	  f near_plane = 0.100000;
		texture = art\bitmaps\decals\b_d_for01-a.raw;
	  f vertical_meters = 4.000000;
	}
	[t:decal,n:*]
	{
		decal_orientation = 0.044005,0.753560,0.655905,0.000000,0.656541,-0.754291,-0.999031,0.033193,0.028891;
		decal_origin = -1.416653,2.743743,2.931701,0x65ED0EB2;
	  f far_plane = 1.100000;
	  x guid = 0xC38CFB1A;
	  f horizontal_meters = 4.000000;
	  f lod = 1.000000;
	  f near_plane = 0.100000;
		texture = art\bitmaps\decals\b_d_for01-a.raw;
	  f vertical_meters = 4.000000;
	}
	[t:decal,n:*]
	{
		decal_orientation = 0.042818,0.767228,0.639943,0.000000,0.640531,-0.767932,-0.999083,0.032881,0.027426;
		decal_origin = -2.988796,1.374918,2.874659,0x65ED0EB2;
	  f far_plane = 1.100000;
	  x guid = 0xB55381CF;
	  f horizontal_meters = 4.000000;
	  f lod = 1.000000;
	  f near_plane = 0.100000;
		texture = art\bitmaps\decals\b_d_for01-a.raw;
	  f vertical_meters = 4.000000;
	}
	[t:decal,n:*]
	{
		decal_orientation = 0.042818,0.767228,0.639943,0.000000,0.640531,-0.767932,-0.999083,0.032881,0.027426;
		decal_origin = -2.989303,1.316730,1.257301,0x65ED0EB2;
	  f far_plane = 1.100000;
	  x guid = 0x6224E366;
	  f horizontal_meters = 4.000000;
	  f lod = 1.000000;
	  f near_plane = 0.100000;
		texture = art\bitmaps\decals\b_d_for01-a.raw;
	  f vertical_meters = 4.000000;
	}
	[t:decal,n:*]
	{
		decal_orientation = -0.062378,0.745312,0.663792,0.000000,0.665087,-0.746766,-0.998053,-0.046582,-0.041487;
		decal_origin = -2.915886,1.336548,-0.708051,0x65ED0EB2;
	  f far_plane = 1.100000;
	  x guid = 0x30FC886D;
	  f horizontal_meters = 4.000000;
	  f lod = 1.000000;
	  f near_plane = 0.100000;
		texture = art\bitmaps\decals\b_d_for01-a.raw;
	  f vertical_meters = 4.000000;
	}
	[t:decal,n:*]
	{
		decal_orientation = 0.007143,-0.754578,-0.656172,0.000000,0.656188,-0.754597,0.999974,0.005390,0.004687;
		decal_origin = 1.518241,2.684703,2.731639,0x65ED0EB2;
	  f far_plane = 1.100000;
	  x guid = 0xEF9C7DAE;
	  f horizontal_meters = 4.000000;
	  f lod = 1.000000;
	  f near_plane = 0.100000;
		texture = art\bitmaps\decals\b_d_for01-a.raw;
	  f vertical_meters = 4.000000;
	}
	[t:decal,n:*]
	{
		decal_orientation = 0.071247,-0.704412,-0.706207,0.000000,0.708006,-0.706207,0.997459,0.050315,0.050443;
		decal_origin = 1.579048,2.578875,0.286646,0x65ED0EB2;
	  f far_plane = 1.100000;
	  x guid = 0xD59F78F1;
	  f horizontal_meters = 4.000000;
	  f lod = 1.000000;
	  f near_plane = 0.100000;
		texture = art\bitmaps\decals\b_d_for01-a.raw;
	  f vertical_meters = 4.000000;
	}
	[t:decal,n:*]
	{
		decal_orientation = -0.008333,-0.754568,-0.656169,0.000000,0.656192,-0.754594,0.999965,-0.006288,-0.005468;
		decal_origin = 1.498932,2.691318,-1.494269,0x65ED0EB2;
	  f far_plane = 1.100000;
	  x guid = 0x42DEFAD0;
	  f horizontal_meters = 4.000000;
	  f lod = 1.000000;
	  f near_plane = 0.100000;
		texture = art\bitmaps\decals\b_d_for01-a.raw;
	  f vertical_meters = 4.000000;
	}
	[t:decal,n:*]
	{
		decal_orientation = -0.008333,-0.754568,-0.656169,0.000000,0.656192,-0.754594,0.999965,-0.006288,-0.005468;
		decal_origin = 1.501663,2.700328,-3.065274,0x65ED0EB2;
	  f far_plane = 1.100000;
	  x guid = 0x359E0A4E;
	  f horizontal_meters = 4.000000;
	  f lod = 1.000000;
	  f near_plane = 0.100000;
		texture = art\bitmaps\decals\b_d_for01-a.raw;
	  f vertical_meters = 4.000000;
	}
	[t:decal,n:*]
	{
		decal_orientation = -0.076167,-0.777715,-0.623985,0.000000,0.625803,-0.779981,0.997095,-0.059409,-0.047666;
		decal_origin = 3.107882,1.241448,-2.683722,0x65ED0EB2;
	  f far_plane = 1.100000;
	  x guid = 0xA2406BBD;
	  f horizontal_meters = 4.000000;
	  f lod = 1.000000;
	  f near_plane = 0.100000;
		texture = art\bitmaps\decals\b_d_for01-a.raw;
	  f vertical_meters = 4.000000;
	}
	[t:decal,n:*]
	{
		decal_orientation = -0.076167,-0.777715,-0.623985,0.000000,0.625803,-0.779981,0.997095,-0.059409,-0.047666;
		decal_origin = 2.931626,1.242722,-0.397213,0x65ED0EB2;
	  f far_plane = 1.100000;
	  x guid = 0x43B91934;
	  f horizontal_meters = 4.000000;
	  f lod = 1.000000;
	  f near_plane = 0.100000;
		texture = art\bitmaps\decals\b_d_for01-a.raw;
	  f vertical_meters = 4.000000;
	}
	[t:decal,n:*]
	{
		decal_orientation = 0.065336,-0.778549,-0.624173,0.000000,0.625510,-0.780216,0.997863,0.050976,0.040868;
		decal_origin = 2.818966,1.403517,1.169914,0x65ED0EB2;
	  f far_plane = 1.100000;
	  x guid = 0x92BB2D02;
	  f horizontal_meters = 4.000000;
	  f lod = 1.000000;
	  f near_plane = 0.100000;
		texture = art\bitmaps\decals\b_d_for01-a.raw;
	  f vertical_meters = 4.000000;
	}
	[t:decal,n:*]
	{
		decal_orientation = 0.071247,-0.704412,-0.706207,0.000000,0.708006,-0.706207,0.997459,0.050315,0.050443;
		decal_origin = 2.761869,1.581333,2.880599,0x65ED0EB2;
	  f far_plane = 1.100000;
	  x guid = 0x2AC5F2C1;
	  f horizontal_meters = 4.000000;
	  f lod = 1.000000;
	  f near_plane = 0.100000;
		texture = art\bitmaps\decals\b_d_for01-a.raw;
	  f vertical_meters = 4.000000;
	}
	[t:decal,n:*]
	{
		decal_orientation = 0.000000,-1.000000,0.000000,0.000000,0.000000,-1.000000,1.000000,0.000000,0.000000;
		decal_origin = -3.653646,-0.500000,-3.644681,0x306FE63C;
	  f far_plane = 1.100000;
	  x guid = 0x3DDBB880;
	  f horizontal_meters = 4.000000;
	  f lod = 1.000000;
	  f near_plane = 0.100000;
		texture = art\bitmaps\decals\b_d_for01-a.raw;
	  f vertical_meters = 4.000000;
	}
	[t:decal,n:*]
	{
		decal_orientation = 0.000000,-1.000000,0.000000,0.000000,0.000000,-1.000000,1.000000,0.000000,0.000000;
		decal_origin = -3.906518,-0.500000,-1.518117,0x306FE63C;
	  f far_plane = 1.100000;
	  x guid = 0xDD536586;
	  f horizontal_meters = 4.000000;
	  f lod = 1.000000;
	  f near_plane = 0.100000;
		texture = art\bitmaps\decals\b_d_for01-a.raw;
	  f vertical_meters = 4.000000;
	}
	[t:decal,n:*]
	{
		decal_orientation = 0.000000,-1.000000,0.000000,0.000000,0.000000,-1.000000,1.000000,0.000000,0.000000;
		decal_origin = -1.883479,1.000000,1.800690,0x3DB1A73D;
	  f far_plane = 1.100000;
	  x guid = 0xC11D950C;
	  f horizontal_meters = 4.000000;
	  f lod = 1.000000;
	  f near_plane = 0.100000;
		texture = art\bitmaps\decals\b_d_for01-a.raw;
	  f vertical_meters = 4.000000;
	}
	[t:decal,n:*]
	{
		decal_orientation = 0.000000,-1.000000,0.000000,0.000000,0.000000,-1.000000,1.000000,0.000000,0.000000;
		decal_origin = -3.930532,-0.500002,3.018188,0x306FE63C;
	  f far_plane = 1.100000;
	  x guid = 0x9D62B957;
	  f horizontal_meters = 4.000000;
	  f lod = 1.000000;
	  f near_plane = 0.100000;
		texture = art\bitmaps\decals\b_d_for01-a.raw;
	  f vertical_meters = 4.000000;
	}
	[t:decal,n:*]
	{
		decal_orientation = 0.000000,-1.000000,0.000000,0.000000,0.000000,-1.000000,1.000000,0.000000,0.000000;
		decal_origin = -0.233799,1.000000,-1.773315,0x23E98B04;
	  f far_plane = 1.100000;
	  x guid = 0x3184D325;
	  f horizontal_meters = 4.000000;
	  f lod = 1.000000;
	  f near_plane = 0.100000;
		texture = art\bitmaps\decals\b_d_for01-a.raw;
	  f vertical_meters = 4.000000;
	}
	[t:decal,n:*]
	{
		decal_orientation = 0.000000,-1.000000,0.000000,0.000000,0.000000,-1.000000,1.000000,0.000000,0.000000;
		decal_origin = -1.129038,1.000000,-1.018553,0x821315B8;
	  f far_plane = 1.100000;
	  x guid = 0x5A0FE519;
	  f horizontal_meters = 4.000000;
	  f lod = 1.000000;
	  f near_plane = 0.100000;
		texture = art\bitmaps\decals\b_d_for01-a.raw;
	  f vertical_meters = 4.000000;
	}
	[t:decal,n:*]
	{
		decal_orientation = 0.000000,-1.000000,0.000000,0.000000,0.000000,-1.000000,1.000000,0.000000,0.000000;
		decal_origin = 0.848212,1.000000,-1.214790,0x57829C27;
	  f far_plane = 1.100000;
	  x guid = 0x684DFA68;
	  f horizontal_meters = 4.000000;
	  f lod = 1.000000;
	  f near_plane = 0.100000;
		texture = art\bitmaps\decals\b_d_for01-a.raw;
	  f vertical_meters = 4.000000;
	}
	[t:decal,n:*]
	{
		decal_orientation = 0.000000,-1.000000,0.000000,0.000000,0.000000,-1.000000,1.000000,0.000000,0.000000;
		decal_origin = -1.850251,1.000000,-1.407665,0x57829C27;
	  f far_plane = 1.100000;
	  x guid = 0x58F0C314;
	  f horizontal_meters = 4.000000;
	  f lod = 1.000000;
	  f near_plane = 0.100000;
		texture = art\bitmaps\decals\b_d_for01-a.raw;
	  f vertical_meters = 4.000000;
	}
	[t:decal,n:*]
	{
		decal_orientation = 0.000000,-1.000000,0.000000,0.000000,0.000000,-1.000000,1.000000,0.000000,0.000000;
		decal_origin = -1.861708,1.000000,-1.570158,0xF89A7160;
	  f far_plane = 1.100000;
	  x guid = 0xE0D10E03;
	  f horizontal_meters = 4.000000;
	  f lod = 1.000000;
	  f near_plane = 0.100000;
		texture = art\bitmaps\decals\b_d_for01-a.raw;
	  f vertical_meters = 4.000000;
	}
	[t:decal,n:*]
	{
		decal_orientation = 0.000000,-1.000000,0.000000,0.000000,0.000000,-1.000000,1.000000,0.000000,0.000000;
		decal_origin = 0.262154,1.000000,-1.245260,0xF89A7160;
	  f far_plane = 1.100000;
	  x guid = 0x4422102C;
	  f horizontal_meters = 4.000000;
	  f lod = 1.000000;
	  f near_plane = 0.100000;
		texture = art\bitmaps\decals\b_d_for01-a.raw;
	  f vertical_meters = 4.000000;
	}
	[t:decal,n:*]
	{
		decal_orientation = 0.000000,-1.000000,0.000000,0.000000,0.000000,-1.000000,1.000000,0.000000,0.000000;
		decal_origin = 3.978466,-0.499999,3.143671,0x306FE63C;
	  f far_plane = 1.100000;
	  x guid = 0xE04E83A1;
	  f horizontal_meters = 4.000000;
	  f lod = 1.000000;
	  f near_plane = 0.100000;
		texture = art\bitmaps\decals\b_d_for01-a.raw;
	  f vertical_meters = 4.000000;
	}
	[t:decal,n:*]
	{
		decal_orientation = 0.000000,-1.000000,0.000000,0.000000,0.000000,-1.000000,1.000000,0.000000,0.000000;
		decal_origin = -1.332232,1.000000,1.755489,0xE6CF03E8;
	  f far_plane = 1.100000;
	  x guid = 0x55A4558D;
	  f horizontal_meters = 4.000000;
	  f lod = 1.000000;
	  f near_plane = 0.100000;
		texture = art\bitmaps\decals\b_d_for01-a.raw;
	  f vertical_meters = 4.000000;
	}
	[t:decal,n:*]
	{
		decal_orientation = 0.000000,-1.000000,0.000000,0.000000,0.000000,-1.000000,1.000000,0.000000,0.000000;
		decal_origin = 1.769304,1.000000,-0.241440,0xC335D24B;
	  f far_plane = 1.100000;
	  x guid = 0x7B72130D;
	  f horizontal_meters = 4.000000;
	  f lod = 1.000000;
	  f near_plane = 0.100000;
		texture = art\bitmaps\decals\b_d_for01-a.raw;
	  f vertical_meters = 4.000000;
	}
	[t:decal,n:*]
	{
		decal_orientation = 0.000000,-1.000000,0.000000,0.000000,0.000000,-1.000000,1.000000,0.000000,0.000000;
		decal_origin = 0.396824,-0.500000,-1.838914,0x306FE63C;
	  f far_plane = 1.100000;
	  x guid = 0x728BA9D0;
	  f horizontal_meters = 4.000000;
	  f lod = 1.000000;
	  f near_plane = 0.100000;
		texture = art\bitmaps\decals\b_d_dust-a.raw;
	  f vertical_meters = 4.000000;
	}
	[t:decal,n:*]
	{
		decal_orientation = 0.000000,-1.000000,0.000000,0.000000,0.000000,-1.000000,1.000000,0.000000,0.000000;
		decal_origin = 0.693744,-0.500000,1.759567,0x306FE63C;
	  f far_plane = 1.100000;
	  x guid = 0x3E20AA44;
	  f horizontal_meters = 4.000000;
	  f lod = 1.000000;
	  f near_plane = 0.100000;
		texture = art\bitmaps\decals\b_d_dust-a.raw;
	  f vertical_meters = 4.000000;
	}
}
