[decals]
{
	[t:decal,n:*]
	{
		decal_orientation = 0.707107,-0.514496,-0.485071,0.000000,0.685994,-0.727607,0.707107,0.514496,0.485071;
		decal_origin = -0.649700,1.659386,0.877826,0x9AB4C0A7;
	  f far_plane = 1.100000;
	  x guid = 0xE595E6CE;
	  f horizontal_meters = 4.000000;
	  f lod = 1.000000;
	  f near_plane = 0.100000;
		texture = art\bitmaps\decals\b_d_swp-a.raw;
	  f vertical_meters = 4.000000;
	}
	[t:decal,n:*]
	{
		decal_orientation = 0.000000,-1.000000,0.000000,0.000000,0.000000,-1.000000,1.000000,0.000000,0.000000;
		decal_origin = -1.633367,2.000000,1.499106,0x9AB4C0A7;
	  f far_plane = 1.100000;
	  x guid = 0x84FE9B3E;
	  f horizontal_meters = 4.000000;
	  f lod = 1.000000;
	  f near_plane = 0.100000;
		texture = art\bitmaps\decals\b_d_swp-a.raw;
	  f vertical_meters = 4.000000;
	}
	[t:decal,n:*]
	{
		decal_orientation = 0.000000,-1.000000,0.000000,0.000000,0.000000,-1.000000,1.000000,0.000000,0.000000;
		decal_origin = -1.917406,2.000000,-0.658540,0x9AB4C0A7;
	  f far_plane = 1.100000;
	  x guid = 0x829D6926;
	  f horizontal_meters = 4.000000;
	  f lod = 1.000000;
	  f near_plane = 0.100000;
		texture = art\bitmaps\decals\b_d_swp-a.raw;
	  f vertical_meters = 4.000000;
	}
	[t:decal,n:*]
	{
		decal_orientation = 0.000000,-1.000000,0.000000,0.000000,0.000000,-1.000000,1.000000,0.000000,0.000000;
		decal_origin = 1.859086,1.000000,0.561535,0x48902ED9;
	  f far_plane = 1.100000;
	  x guid = 0x5ED384C4;
	  f horizontal_meters = 4.000000;
	  f lod = 1.000000;
	  f near_plane = 0.100000;
		texture = art\bitmaps\decals\b_d_swp-a.raw;
	  f vertical_meters = 4.000000;
	}
	[t:decal,n:*]
	{
		decal_orientation = 0.000000,-1.000000,0.000000,0.000000,0.000000,-1.000000,1.000000,0.000000,0.000000;
		decal_origin = -1.314562,2.000000,1.345468,0x3E2DECC8;
	  f far_plane = 1.100000;
	  x guid = 0x01F6B347;
	  f horizontal_meters = 4.000000;
	  f lod = 1.000000;
	  f near_plane = 0.100000;
		texture = art\bitmaps\decals\b_d_swp-a.raw;
	  f vertical_meters = 4.000000;
	}
	[t:decal,n:*]
	{
		decal_orientation = 0.000000,-1.000000,0.000000,0.000000,0.000000,-1.000000,1.000000,0.000000,0.000000;
		decal_origin = -1.858777,2.000000,-1.255882,0x3E2DECC8;
	  f far_plane = 1.100000;
	  x guid = 0xE53076AE;
	  f horizontal_meters = 4.000000;
	  f lod = 1.000000;
	  f near_plane = 0.100000;
		texture = art\bitmaps\decals\b_d_swp-a.raw;
	  f vertical_meters = 4.000000;
	}
	[t:decal,n:*]
	{
		decal_orientation = 0.000000,-1.000000,0.000000,0.000000,0.000000,-1.000000,1.000000,0.000000,0.000000;
		decal_origin = -0.151891,0.999999,-1.897894,0xDA3E2F9D;
	  f far_plane = 1.100000;
	  x guid = 0xC689C6A3;
	  f horizontal_meters = 4.000000;
	  f lod = 1.000000;
	  f near_plane = 0.100000;
		texture = art\bitmaps\decals\b_d_swp-a.raw;
	  f vertical_meters = 4.000000;
	}
	[t:decal,n:*]
	{
		decal_orientation = 0.000000,-1.000000,0.000000,0.000000,0.000000,-1.000000,1.000000,0.000000,0.000000;
		decal_origin = -1.992877,2.000000,1.040293,0x08DE63D7;
	  f far_plane = 1.100000;
	  x guid = 0xDC980708;
	  f horizontal_meters = 4.000000;
	  f lod = 1.000000;
	  f near_plane = 0.100000;
		texture = art\bitmaps\decals\b_d_swp-a.raw;
	  f vertical_meters = 4.000000;
	}
	[t:decal,n:*]
	{
		decal_orientation = 0.000000,-1.000000,0.000000,0.000000,0.000000,-1.000000,1.000000,0.000000,0.000000;
		decal_origin = 1.857701,1.000000,-1.235410,0xE643C86B;
	  f far_plane = 1.100000;
	  x guid = 0xAABE97A2;
	  f horizontal_meters = 4.000000;
	  f lod = 1.000000;
	  f near_plane = 0.100000;
		texture = art\bitmaps\decals\b_d_swp-a.raw;
	  f vertical_meters = 4.000000;
	}
	[t:decal,n:*]
	{
		decal_orientation = 0.000000,-1.000000,0.000000,0.000000,0.000000,-1.000000,1.000000,0.000000,0.000000;
		decal_origin = -0.344185,1.000000,1.816998,0x95FFD596;
	  f far_plane = 1.100000;
	  x guid = 0x8E4959BC;
	  f horizontal_meters = 4.000000;
	  f lod = 1.000000;
	  f near_plane = 0.100000;
		texture = art\bitmaps\decals\b_d_swp-a.raw;
	  f vertical_meters = 4.000000;
	}
	[t:decal,n:*]
	{
		decal_orientation = 0.000000,-1.000000,0.000000,0.000000,0.000000,-1.000000,1.000000,0.000000,0.000000;
		decal_origin = -1.556190,1.999999,1.765540,0xF0CF3F7B;
	  f far_plane = 1.100000;
	  x guid = 0xF533D363;
	  f horizontal_meters = 4.000000;
	  f lod = 1.000000;
	  f near_plane = 0.100000;
		texture = art\bitmaps\decals\b_d_swp-a.raw;
	  f vertical_meters = 4.000000;
	}
	[t:decal,n:*]
	{
		decal_orientation = 1.000000,0.000000,0.000000,0.000000,0.393919,-0.919145,0.000000,0.919145,0.393919;
		decal_origin = 0.977660,4.911649,1.588593,0x8493816A;
	  f far_plane = 1.100000;
	  x guid = 0x89984ED1;
	  f horizontal_meters = 4.000000;
	  f lod = 1.000000;
	  f near_plane = 0.100000;
		texture = art\bitmaps\decals\b_d_swp-a.raw;
	  f vertical_meters = 4.000000;
	}
	[t:decal,n:*]
	{
		decal_orientation = 1.000000,0.000000,0.000000,0.000000,0.581238,-0.813733,0.000000,0.813733,0.581238;
		decal_origin = -0.871469,4.736394,1.310487,0x62C673BF;
	  f far_plane = 1.100000;
	  x guid = 0x13F969C7;
	  f horizontal_meters = 4.000000;
	  f lod = 1.000000;
	  f near_plane = 0.100000;
		texture = art\bitmaps\decals\b_d_swp-a.raw;
	  f vertical_meters = 4.000000;
	}
	[t:decal,n:*]
	{
		decal_orientation = 0.942151,-0.264635,-0.205718,0.000000,0.613737,-0.789510,0.335188,0.743838,0.578233;
		decal_origin = 0.583955,1.245077,0.412972,0x9AB4C0A7;
	  f far_plane = 1.100000;
	  x guid = 0x9644D11F;
	  f horizontal_meters = 4.000000;
	  f lod = 1.000000;
	  f near_plane = 0.100000;
		texture = art\bitmaps\decals\b_d_swp-a.raw;
	  f vertical_meters = 4.000000;
	}
	[t:decal,n:*]
	{
		decal_orientation = -0.061110,-0.648874,-0.758438,0.000000,0.759858,-0.650089,0.998131,-0.039727,-0.046435;
		decal_origin = -0.422198,1.139548,-0.755577,0x9AB4C0A7;
	  f far_plane = 1.100000;
	  x guid = 0x4C9D4FD5;
	  f horizontal_meters = 4.000000;
	  f lod = 1.000000;
	  f near_plane = 0.100000;
		texture = art\bitmaps\decals\b_d_swp-a.raw;
	  f vertical_meters = 4.000000;
	}
	[t:decal,n:*]
	{
		decal_orientation = 0.942151,-0.264635,-0.205718,0.000000,0.613737,-0.789510,0.335188,0.743838,0.578233;
		decal_origin = 0.623258,1.356283,0.578794,0x3E2DECC8;
	  f far_plane = 1.100000;
	  x guid = 0x984EFEA1;
	  f horizontal_meters = 4.000000;
	  f lod = 1.000000;
	  f near_plane = 0.100000;
		texture = art\bitmaps\decals\b_d_swp-a.raw;
	  f vertical_meters = 4.000000;
	}
	[t:decal,n:*]
	{
		decal_orientation = 0.000000,-0.600000,-0.800000,0.000000,0.800000,-0.600000,1.000000,0.000000,0.000000;
		decal_origin = -0.367951,1.023935,0.037543,0x3E2DECC8;
	  f far_plane = 1.100000;
	  x guid = 0xB11845A0;
	  f horizontal_meters = 4.000000;
	  f lod = 1.000000;
	  f near_plane = 0.100000;
		texture = art\bitmaps\decals\b_d_swp-a.raw;
	  f vertical_meters = 4.000000;
	}
	[t:decal,n:*]
	{
		decal_orientation = 0.999703,-0.020021,-0.013917,0.000000,0.570771,-0.821109,0.024383,0.820865,0.570601;
		decal_origin = -0.574760,1.473314,0.514554,0x3E2DECC8;
	  f far_plane = 1.100000;
	  x guid = 0x3110600F;
	  f horizontal_meters = 4.000000;
	  f lod = 1.000000;
	  f near_plane = 0.100000;
		texture = art\bitmaps\decals\b_d_swp-a.raw;
	  f vertical_meters = 4.000000;
	}
	[t:decal,n:*]
	{
		decal_orientation = 0.976900,-0.184458,-0.107897,0.000000,0.504906,-0.863174,0.213697,0.843235,0.493243;
		decal_origin = -0.704728,1.342012,0.335712,0x08DE63D7;
	  f far_plane = 1.100000;
	  x guid = 0xAC61A294;
	  f horizontal_meters = 4.000000;
	  f lod = 1.000000;
	  f near_plane = 0.100000;
		texture = art\bitmaps\decals\b_d_swp-a.raw;
	  f vertical_meters = 4.000000;
	}
	[t:decal,n:*]
	{
		decal_orientation = 1.000000,0.000000,0.000000,0.000000,0.759257,-0.650791,0.000000,0.650791,0.759257;
		decal_origin = 1.377736,1.261025,0.506659,0x08DE63D7;
	  f far_plane = 1.100000;
	  x guid = 0xBD248A61;
	  f horizontal_meters = 4.000000;
	  f lod = 1.000000;
	  f near_plane = 0.100000;
		texture = art\bitmaps\decals\b_d_swp-a.raw;
	  f vertical_meters = 4.000000;
	}
	[t:decal,n:*]
	{
		decal_orientation = 0.000000,-0.650791,-0.759257,0.000000,0.759257,-0.650791,1.000000,0.000000,0.000000;
		decal_origin = -0.493934,1.246180,-1.239173,0x08DE63D7;
	  f far_plane = 1.100000;
	  x guid = 0x27B3D2C1;
	  f horizontal_meters = 4.000000;
	  f lod = 1.000000;
	  f near_plane = 0.100000;
		texture = art\bitmaps\decals\b_d_swp-a.raw;
	  f vertical_meters = 4.000000;
	}
	[t:decal,n:*]
	{
		decal_orientation = 0.942151,-0.264635,-0.205718,0.000000,0.613737,-0.789510,0.335188,0.743838,0.578233;
		decal_origin = 0.788923,1.349886,0.628996,0xF0CF3F7B;
	  f far_plane = 1.100000;
	  x guid = 0xBEA76ECE;
	  f horizontal_meters = 4.000000;
	  f lod = 1.000000;
	  f near_plane = 0.100000;
		texture = art\bitmaps\decals\b_d_swp-a.raw;
	  f vertical_meters = 4.000000;
	}
	[t:decal,n:*]
	{
		decal_orientation = 0.999703,-0.020021,-0.013917,0.000000,0.570771,-0.821109,0.024383,0.820865,0.570601;
		decal_origin = -0.724047,1.277324,0.228882,0xF0CF3F7B;
	  f far_plane = 1.100000;
	  x guid = 0xE34F81C7;
	  f horizontal_meters = 4.000000;
	  f lod = 1.000000;
	  f near_plane = 0.100000;
		texture = art\bitmaps\decals\b_d_swp-a.raw;
	  f vertical_meters = 4.000000;
	}
	[t:decal,n:*]
	{
		decal_orientation = -0.061110,-0.648874,-0.758438,0.000000,0.759858,-0.650089,0.998131,-0.039727,-0.046435;
		decal_origin = -0.394085,1.096421,-0.611001,0xF0CF3F7B;
	  f far_plane = 1.100000;
	  x guid = 0xC9391F71;
	  f horizontal_meters = 4.000000;
	  f lod = 1.000000;
	  f near_plane = 0.100000;
		texture = art\bitmaps\decals\b_d_swp-a.raw;
	  f vertical_meters = 4.000000;
	}
	[t:decal,n:*]
	{
		decal_orientation = 1.000000,0.000000,0.000000,0.000000,0.759257,-0.650791,0.000000,0.650791,0.759257;
		decal_origin = 1.553644,0.956059,0.245259,0x9AB4C0A7;
	  f far_plane = 1.100000;
	  x guid = 0x04CB1BC4;
	  f horizontal_meters = 4.000000;
	  f lod = 1.000000;
	  f near_plane = 0.100000;
		texture = art\bitmaps\decals\b_d_swp-a.raw;
	  f vertical_meters = 4.000000;
	}
	[t:decal,n:*]
	{
		decal_orientation = 0.906183,-0.226519,-0.357101,0.000000,0.844439,-0.535652,0.422885,0.485398,0.765216;
		decal_origin = 0.959201,0.437555,-0.229568,0x3E2DECC8;
	  f far_plane = 1.100000;
	  x guid = 0xF9F53369;
	  f horizontal_meters = 4.000000;
	  f lod = 1.000000;
	  f near_plane = 0.100000;
		texture = art\bitmaps\decals\b_d_swp-a.raw;
	  f vertical_meters = 4.000000;
	}
}
