[decals]
{
	[t:decal,n:*]
	{
		decal_orientation = 1.000000,0.000000,0.000000,0.000000,0.000000,-1.000000,-0.000000,1.000000,0.000000;
		decal_origin = -15.384052,-11.000000,-19.025702,0x2711796B;
	  f far_plane = 1.100000;
	  x guid = 0x82D2B3EE;
	  f horizontal_meters = 4.000000;
	  f lod = 1.000000;
	  f near_plane = 0.100000;
		texture = Art\Bitmaps\Decals\b_d_jng01-a.%img%;
	  f vertical_meters = 4.000000;
	}
	[t:decal,n:*]
	{
		decal_orientation = 0.842271,-0.538847,-0.014920,0.000000,0.027678,-0.999617,0.539054,0.841949,0.023312;
		decal_origin = -2.075553,-10.966100,-0.467852,0x89AFDD8A;
	  f far_plane = 1.100000;
	  x guid = 0xB55582E7;
	  f horizontal_meters = 4.000000;
	  f lod = 1.000000;
	  f near_plane = 0.100000;
		texture = Art\Bitmaps\Decals\b_d_jng01-a.%img%;
	  f vertical_meters = 4.000000;
	}
	[t:decal,n:*]
	{
		decal_orientation = -0.995197,0.097874,0.001684,0.000000,0.017205,-0.999852,-0.097888,-0.995050,-0.017123;
		decal_origin = 2.038040,-10.972129,-0.267359,0x89AFDD8A;
	  f far_plane = 1.100000;
	  x guid = 0x95970DBF;
	  f horizontal_meters = 4.000000;
	  f lod = 1.000000;
	  f near_plane = 0.100000;
		texture = Art\Bitmaps\Decals\b_d_jng01-a.%img%;
	  f vertical_meters = 4.000000;
	}
	[t:decal,n:*]
	{
		decal_orientation = 0.707107,-0.707107,0.000000,0.000000,0.000000,-1.000000,0.707107,0.707107,0.000000;
		decal_origin = 0.694909,1.000000,1.933967,0x722D0947;
	  f far_plane = 1.100000;
	  x guid = 0x0439BF53;
	  f horizontal_meters = 4.000000;
	  f lod = 1.000000;
	  f near_plane = 0.100000;
		texture = Art\Bitmaps\Decals\b_d_jng01-a.%img%;
	  f vertical_meters = 4.000000;
	}
	[t:decal,n:*]
	{
		decal_orientation = -0.707107,-0.707107,0.000000,0.000000,-0.000000,-1.000000,0.707107,-0.707107,0.000000;
		decal_origin = -2.411556,0.999999,0.729939,0x722D0947;
	  f far_plane = 1.100000;
	  x guid = 0x04D8B2C1;
	  f horizontal_meters = 4.000000;
	  f lod = 1.000000;
	  f near_plane = 0.100000;
		texture = Art\Bitmaps\Decals\b_d_jng01-a.%img%;
	  f vertical_meters = 4.000000;
	}
	[t:decal,n:*]
	{
		decal_orientation = 0.000000,-1.000000,0.000000,0.000000,0.000000,-1.000000,1.000000,0.000000,0.000000;
		decal_origin = 2.023668,1.000000,0.724221,0x722D0947;
	  f far_plane = 1.100000;
	  x guid = 0xD21279AD;
	  f horizontal_meters = 4.000000;
	  f lod = 1.000000;
	  f near_plane = 0.100000;
		texture = Art\Bitmaps\Decals\b_d_dirt-a.%img%;
	  f vertical_meters = 4.000000;
	}
	[t:decal,n:*]
	{
		decal_orientation = 0.000000,-1.000000,0.000000,0.000000,0.000000,-1.000000,1.000000,0.000000,0.000000;
		decal_origin = -2.541637,1.000002,-1.390402,0x722D0947;
	  f far_plane = 1.100000;
	  x guid = 0xB671D48A;
	  f horizontal_meters = 4.000000;
	  f lod = 1.000000;
	  f near_plane = 0.100000;
		texture = Art\Bitmaps\Decals\b_d_dirt-a.%img%;
	  f vertical_meters = 4.000000;
	}
	[t:decal,n:*]
	{
		decal_orientation = -0.214302,-0.072512,-0.974072,0.000000,0.997241,-0.074236,0.976767,-0.015909,-0.213711;
		decal_origin = -1.755215,-7.519938,0.761490,0xACD38F18;
	  f far_plane = 1.100000;
	  x guid = 0xBFE9F7FB;
	  f horizontal_meters = 4.000000;
	  f lod = 1.000000;
	  f near_plane = 0.100000;
		texture = Art\Bitmaps\Decals\b_d_ic01-path.%img%;
	  f vertical_meters = 4.000000;
	}
	[t:decal,n:*]
	{
		decal_orientation = -0.259792,0.145183,-0.954689,0.000000,0.988634,0.150345,0.965665,0.039058,-0.256839;
		decal_origin = -1.872654,-7.066346,0.264718,0xACD38F18;
	  f far_plane = 1.100000;
	  x guid = 0xB10EB76E;
	  f horizontal_meters = 4.000000;
	  f lod = 1.000000;
	  f near_plane = 0.100000;
		texture = Art\Bitmaps\Decals\b_d_ic01-path.%img%;
	  f vertical_meters = 4.000000;
	}
	[t:decal,n:*]
	{
		decal_orientation = 0.000000,0.000000,-1.000000,0.000000,1.000000,0.000000,1.000000,0.000000,0.000000;
		decal_origin = -1.950000,-5.193495,0.509544,0xACD38F18;
	  f far_plane = 1.100000;
	  x guid = 0xE32FAFB9;
	  f horizontal_meters = 4.000000;
	  f lod = 1.000000;
	  f near_plane = 0.100000;
		texture = Art\Bitmaps\Decals\b_d_ic01-path.%img%;
	  f vertical_meters = 4.000000;
	}
	[t:decal,n:*]
	{
		decal_orientation = 0.000000,-0.248375,-0.968664,0.000000,0.968664,-0.248375,1.000000,0.000000,0.000000;
		decal_origin = -1.973230,-5.783237,-0.178625,0xACD38F18;
	  f far_plane = 1.100000;
	  x guid = 0x7731D108;
	  f horizontal_meters = 4.000000;
	  f lod = 1.000000;
	  f near_plane = 0.100000;
		texture = Art\Bitmaps\Decals\b_d_ic01-path.%img%;
	  f vertical_meters = 4.000000;
	}
	[t:decal,n:*]
	{
		decal_orientation = 0.000000,0.000000,-1.000000,0.000000,1.000000,0.000000,1.000000,0.000000,0.000000;
		decal_origin = -1.950000,-3.261074,0.677880,0xACD38F18;
	  f far_plane = 1.100000;
	  x guid = 0xC7E370B6;
	  f horizontal_meters = 4.000000;
	  f lod = 1.000000;
	  f near_plane = 0.100000;
		texture = Art\Bitmaps\Decals\b_d_ic01-path.%img%;
	  f vertical_meters = 4.000000;
	}
	[t:decal,n:*]
	{
		decal_orientation = 0.000000,0.000000,-1.000000,0.000000,1.000000,0.000000,1.000000,0.000000,0.000000;
		decal_origin = -1.950000,-1.643322,0.654536,0xACD38F18;
	  f far_plane = 1.100000;
	  x guid = 0xECDC1D6D;
	  f horizontal_meters = 4.000000;
	  f lod = 1.000000;
	  f near_plane = 0.100000;
		texture = Art\Bitmaps\Decals\b_d_ic01-path.%img%;
	  f vertical_meters = 4.000000;
	}
	[t:decal,n:*]
	{
		decal_orientation = 0.000000,0.000000,-1.000000,0.000000,1.000000,0.000000,1.000000,0.000000,0.000000;
		decal_origin = -1.950000,0.504965,0.237629,0xACD38F18;
	  f far_plane = 1.100000;
	  x guid = 0xCD9CD2A4;
	  f horizontal_meters = 4.000000;
	  f lod = 1.000000;
	  f near_plane = 0.100000;
		texture = Art\Bitmaps\Decals\b_d_ic01-path.%img%;
	  f vertical_meters = 4.000000;
	}
	[t:decal,n:*]
	{
		decal_orientation = 0.000000,0.000000,-1.000000,0.000000,1.000000,0.000000,1.000000,0.000000,0.000000;
		decal_origin = -1.949999,2.873308,0.224838,0xACD38F18;
	  f far_plane = 1.100000;
	  x guid = 0x677BFF70;
	  f horizontal_meters = 4.000000;
	  f lod = 1.000000;
	  f near_plane = 0.100000;
		texture = Art\Bitmaps\Decals\b_d_ic01-path.%img%;
	  f vertical_meters = 4.000000;
	}
	[t:decal,n:*]
	{
		decal_orientation = 0.000000,0.000000,-1.000000,0.000000,1.000000,0.000000,1.000000,0.000000,0.000000;
		decal_origin = -1.950000,4.664568,0.181358,0xACD38F18;
	  f far_plane = 1.100000;
	  x guid = 0xB64C1562;
	  f horizontal_meters = 4.000000;
	  f lod = 1.000000;
	  f near_plane = 0.100000;
		texture = Art\Bitmaps\Decals\b_d_ic01-path.%img%;
	  f vertical_meters = 4.000000;
	}
	[t:decal,n:*]
	{
		decal_orientation = 0.000000,0.000000,-1.000000,0.000000,1.000000,0.000000,1.000000,0.000000,0.000000;
		decal_origin = -1.949999,6.892888,-0.359205,0xACD38F18;
	  f far_plane = 1.100000;
	  x guid = 0xA97D214E;
	  f horizontal_meters = 4.000000;
	  f lod = 1.000000;
	  f near_plane = 0.100000;
		texture = Art\Bitmaps\Decals\b_d_ic01-path.%img%;
	  f vertical_meters = 4.000000;
	}
	[t:decal,n:*]
	{
		decal_orientation = 0.000000,0.000000,-1.000000,0.000000,1.000000,0.000000,1.000000,0.000000,0.000000;
		decal_origin = -1.950000,9.074141,-0.970313,0xACD38F18;
	  f far_plane = 1.100000;
	  x guid = 0x8346B2DF;
	  f horizontal_meters = 4.000000;
	  f lod = 1.000000;
	  f near_plane = 0.100000;
		texture = Art\Bitmaps\Decals\b_d_ic01-path.%img%;
	  f vertical_meters = 4.000000;
	}
	[t:decal,n:*]
	{
		decal_orientation = 0.000000,0.000000,-1.000000,0.000000,1.000000,0.000000,1.000000,0.000000,0.000000;
		decal_origin = -1.950000,11.068645,-1.555142,0xACD38F18;
	  f far_plane = 1.100000;
	  x guid = 0xE458CAA4;
	  f horizontal_meters = 4.000000;
	  f lod = 1.000000;
	  f near_plane = 0.100000;
		texture = Art\Bitmaps\Decals\b_d_ic01-path.%img%;
	  f vertical_meters = 4.000000;
	}
	[t:decal,n:*]
	{
		decal_orientation = 0.469883,0.403127,0.785302,0.000000,0.889630,-0.456683,-0.882729,0.214587,0.418022;
		decal_origin = 2.160760,-6.034497,-0.347230,0xACD38F18;
	  f far_plane = 1.100000;
	  x guid = 0xEF130EA5;
	  f horizontal_meters = 4.000000;
	  f lod = 1.000000;
	  f near_plane = 0.100000;
		texture = Art\Bitmaps\Decals\b_d_ic01-path.%img%;
	  f vertical_meters = 4.000000;
	}
	[t:decal,n:*]
	{
		decal_orientation = 0.197353,0.071311,0.977735,0.000000,0.997351,-0.072742,-0.980332,0.014356,0.196831;
		decal_origin = 1.914509,-7.360535,0.160374,0xACD38F18;
	  f far_plane = 1.100000;
	  x guid = 0x8CA8DF28;
	  f horizontal_meters = 4.000000;
	  f lod = 1.000000;
	  f near_plane = 0.100000;
		texture = Art\Bitmaps\Decals\b_d_ic01-path.%img%;
	  f vertical_meters = 4.000000;
	}
	[t:decal,n:*]
	{
		decal_orientation = 0.000000,0.008333,0.999965,0.000000,0.999965,-0.008333,-1.000000,0.000000,0.000000;
		decal_origin = 1.959895,-4.808432,0.106748,0xACD38F18;
	  f far_plane = 1.100000;
	  x guid = 0x90AA4FDE;
	  f horizontal_meters = 4.000000;
	  f lod = 1.000000;
	  f near_plane = 0.100000;
		texture = Art\Bitmaps\Decals\b_d_ic01-path.%img%;
	  f vertical_meters = 4.000000;
	}
	[t:decal,n:*]
	{
		decal_orientation = 0.000000,0.008333,0.999965,0.000000,0.999965,-0.008333,-1.000000,0.000000,0.000000;
		decal_origin = 1.976890,-2.769040,0.306779,0xACD38F18;
	  f far_plane = 1.100000;
	  x guid = 0x6D43D861;
	  f horizontal_meters = 4.000000;
	  f lod = 1.000000;
	  f near_plane = 0.100000;
		texture = Art\Bitmaps\Decals\b_d_ic01-path.%img%;
	  f vertical_meters = 4.000000;
	}
	[t:decal,n:*]
	{
		decal_orientation = 0.000000,0.008333,0.999965,0.000000,0.999965,-0.008333,-1.000000,0.000000,0.000000;
		decal_origin = 1.996155,-0.457236,0.073286,0xACD38F18;
	  f far_plane = 1.100000;
	  x guid = 0x62073337;
	  f horizontal_meters = 4.000000;
	  f lod = 1.000000;
	  f near_plane = 0.100000;
		texture = Art\Bitmaps\Decals\b_d_ic01-path.%img%;
	  f vertical_meters = 4.000000;
	}
	[t:decal,n:*]
	{
		decal_orientation = 0.000000,-0.008333,0.999965,0.000000,0.999965,0.008333,-1.000000,0.000000,0.000000;
		decal_origin = 1.985981,1.678147,0.079988,0xACD38F18;
	  f far_plane = 1.100000;
	  x guid = 0x6407F5D2;
	  f horizontal_meters = 4.000000;
	  f lod = 1.000000;
	  f near_plane = 0.100000;
		texture = Art\Bitmaps\Decals\b_d_ic01-path.%img%;
	  f vertical_meters = 4.000000;
	}
	[t:decal,n:*]
	{
		decal_orientation = 0.000000,-0.008333,0.999965,0.000000,0.999965,0.008333,-1.000000,0.000000,0.000000;
		decal_origin = 1.966599,4.003922,-0.155425,0xACD38F18;
	  f far_plane = 1.100000;
	  x guid = 0xF5D9D9E7;
	  f horizontal_meters = 4.000000;
	  f lod = 1.000000;
	  f near_plane = 0.100000;
		texture = Art\Bitmaps\Decals\b_d_ic01-path.%img%;
	  f vertical_meters = 4.000000;
	}
	[t:decal,n:*]
	{
		decal_orientation = 0.000000,0.000000,1.000000,0.000000,1.000000,0.000000,-1.000000,0.000000,0.000000;
		decal_origin = 1.950000,6.535038,-0.273088,0xACD38F18;
	  f far_plane = 1.100000;
	  x guid = 0x34F8F9DD;
	  f horizontal_meters = 4.000000;
	  f lod = 1.000000;
	  f near_plane = 0.100000;
		texture = Art\Bitmaps\Decals\b_d_ic01-path.%img%;
	  f vertical_meters = 4.000000;
	}
	[t:decal,n:*]
	{
		decal_orientation = 0.000000,0.000000,1.000000,0.000000,1.000000,0.000000,-1.000000,0.000000,0.000000;
		decal_origin = 1.950000,8.921432,-0.942216,0xACD38F18;
	  f far_plane = 1.100000;
	  x guid = 0xA27645AD;
	  f horizontal_meters = 4.000000;
	  f lod = 1.000000;
	  f near_plane = 0.100000;
		texture = Art\Bitmaps\Decals\b_d_ic01-path.%img%;
	  f vertical_meters = 4.000000;
	}
	[t:decal,n:*]
	{
		decal_orientation = 0.000000,0.000000,1.000000,0.000000,1.000000,0.000000,-1.000000,0.000000,0.000000;
		decal_origin = 1.950000,11.165571,-1.594218,0xACD38F18;
	  f far_plane = 1.100000;
	  x guid = 0x52B57012;
	  f horizontal_meters = 4.000000;
	  f lod = 1.000000;
	  f near_plane = 0.100000;
		texture = Art\Bitmaps\Decals\b_d_ic01-path.%img%;
	  f vertical_meters = 4.000000;
	}
}
