[decals]
{
	[t:decal,n:*]
	{
		decal_orientation = 0.000000,-1.000000,0.000000,0.000000,0.000000,-1.000000,1.000000,0.000000,0.000000;
		decal_origin = -2.000000,2.000000,-0.000000,0x7018B3E2;
	  f far_plane = 2.200000;
	  x guid = 0x50F4F402;
	  f horizontal_meters = 8.000000;
	  f lod = 1.000000;
	  f near_plane = 0.100000;
		texture = Art\Bitmaps\Decals\b_d_jng01-a.%img%;
	  f vertical_meters = 8.000000;
	}
	[t:decal,n:*]
	{
		decal_orientation = 0.000000,-1.000000,0.000000,0.000000,0.000000,-1.000000,1.000000,0.000000,0.000000;
		decal_origin = 0.000000,2.000000,-2.000000,0x810CFA30;
	  f far_plane = 2.200000;
	  x guid = 0x6AEE989F;
	  f horizontal_meters = 8.000000;
	  f lod = 1.000000;
	  f near_plane = 0.100000;
		texture = Art\Bitmaps\Decals\b_d_jng01-a.%img%;
	  f vertical_meters = 8.000000;
	}
	[t:decal,n:*]
	{
		decal_orientation = 0.000000,-0.990492,-0.137568,0.000000,0.137568,-0.990492,1.000000,0.000000,0.000000;
		decal_origin = -5.005174,-2.939683,-5.476345,0x081D1A89;
	  f far_plane = 1.100000;
	  x guid = 0xCDE19D03;
	  f horizontal_meters = 4.000000;
	  f lod = 1.000000;
	  f near_plane = 0.100000;
		texture = Art\Bitmaps\Decals\b_d_for01-a.%img%;
	  f vertical_meters = 4.000000;
	}
	[t:decal,n:*]
	{
		decal_orientation = -0.436274,-0.886247,-0.155663,0.000000,0.172995,-0.984923,0.899814,-0.429696,-0.075473;
		decal_origin = -5.315022,-2.961696,-2.997872,0x081D1A89;
	  f far_plane = 1.100000;
	  x guid = 0x11A3BDE9;
	  f horizontal_meters = 4.000000;
	  f lod = 1.000000;
	  f near_plane = 0.100000;
		texture = Art\Bitmaps\Decals\b_d_for01-a.%img%;
	  f vertical_meters = 4.000000;
	}
	[t:decal,n:*]
	{
		decal_orientation = 1.000000,0.000000,0.000000,0.000000,0.743294,-0.668965,0.000000,0.668965,0.743294;
		decal_origin = -5.028171,-3.157018,-2.331678,0x081D1A89;
	  f far_plane = 1.100000;
	  x guid = 0x8C886B55;
	  f horizontal_meters = 4.000000;
	  f lod = 1.000000;
	  f near_plane = 0.100000;
		texture = Art\Bitmaps\Decals\b_d_for01-a.%img%;
	  f vertical_meters = 4.000000;
	}
	[t:decal,n:*]
	{
		decal_orientation = 1.000000,0.000000,0.000000,0.000000,0.966235,-0.257663,0.000000,0.257663,0.966235;
		decal_origin = -5.080351,-2.284035,-1.657354,0x081D1A89;
	  f far_plane = 1.100000;
	  x guid = 0x6A6CB041;
	  f horizontal_meters = 4.000000;
	  f lod = 1.000000;
	  f near_plane = 0.100000;
		texture = Art\Bitmaps\Decals\b_d_for01-a.%img%;
	  f vertical_meters = 4.000000;
	}
	[t:decal,n:*]
	{
		decal_orientation = 0.970142,-0.067776,-0.232873,0.000000,0.960161,-0.279448,0.242536,0.271104,0.931493;
		decal_origin = -4.785114,-0.802209,-1.175486,0x081D1A89;
	  f far_plane = 1.100000;
	  x guid = 0xCB49AA4B;
	  f horizontal_meters = 4.000000;
	  f lod = 1.000000;
	  f near_plane = 0.100000;
		texture = Art\Bitmaps\Decals\b_d_for01-a.%img%;
	  f vertical_meters = 4.000000;
	}
	[t:decal,n:*]
	{
		decal_orientation = 1.000000,0.000000,0.000000,0.000000,0.980581,-0.196116,0.000000,0.196116,0.980581;
		decal_origin = -5.029115,0.684751,-0.792855,0x081D1A89;
	  f far_plane = 1.100000;
	  x guid = 0x9236413E;
	  f horizontal_meters = 4.000000;
	  f lod = 1.000000;
	  f near_plane = 0.100000;
		texture = Art\Bitmaps\Decals\b_d_for01-a.%img%;
	  f vertical_meters = 4.000000;
	}
	[t:decal,n:*]
	{
		decal_orientation = 0.997614,0.019438,0.066246,0.000000,0.959548,-0.281546,-0.069039,0.280875,0.957258;
		decal_origin = 5.751540,5.821154,2.419942,0x170D066D;
	  f far_plane = 1.100000;
	  x guid = 0xA1441185;
	  f horizontal_meters = 4.000000;
	  f lod = 1.000000;
	  f near_plane = 0.100000;
		texture = Art\Bitmaps\Decals\b_d_for01-a.%img%;
	  f vertical_meters = 4.000000;
	}
	[t:decal,n:*]
	{
		decal_orientation = 0.981675,-0.053835,-0.182798,0.000000,0.959265,-0.282506,0.190560,0.277329,0.941687;
		decal_origin = 6.153663,-3.401395,0.647485,0x170D066D;
	  f far_plane = 1.100000;
	  x guid = 0x124DCF9D;
	  f horizontal_meters = 4.000000;
	  f lod = 1.000000;
	  f near_plane = 0.100000;
		texture = Art\Bitmaps\Decals\b_d_for01-a.%img%;
	  f vertical_meters = 4.000000;
	}
	[t:decal,n:*]
	{
		decal_orientation = 0.990679,-0.090653,-0.101673,0.000000,0.746400,-0.665498,0.136218,0.659295,0.739442;
		decal_origin = 6.062123,-5.115087,-0.247405,0x170D066D;
	  f far_plane = 1.100000;
	  x guid = 0x2A7CEC48;
	  f horizontal_meters = 4.000000;
	  f lod = 1.000000;
	  f near_plane = 0.100000;
		texture = Art\Bitmaps\Decals\b_d_for01-a.%img%;
	  f vertical_meters = 4.000000;
	}
	[t:decal,n:*]
	{
		decal_orientation = 0.989728,0.020994,0.141411,0.000000,0.989159,-0.146850,-0.142961,0.145341,0.978998;
		decal_origin = -6.128979,0.928735,1.636488,0x170D066D;
	  f far_plane = 1.100000;
	  x guid = 0x5C73E4F2;
	  f horizontal_meters = 4.000000;
	  f lod = 1.000000;
	  f near_plane = 0.100000;
		texture = Art\Bitmaps\Decals\b_d_for01-a.%img%;
	  f vertical_meters = 4.000000;
	}
	[t:decal,n:*]
	{
		decal_orientation = 0.984563,0.029720,0.172492,0.000000,0.985479,-0.169796,-0.175033,0.167175,0.970266;
		decal_origin = -6.076346,3.028103,1.962846,0x170D066D;
	  f far_plane = 1.100000;
	  x guid = 0xD91BF45D;
	  f horizontal_meters = 4.000000;
	  f lod = 1.000000;
	  f near_plane = 0.100000;
		texture = Art\Bitmaps\Decals\b_d_for01-a.%img%;
	  f vertical_meters = 4.000000;
	}
	[t:decal,n:*]
	{
		decal_orientation = 0.984563,0.029720,0.172492,0.000000,0.985479,-0.169796,-0.175033,0.167175,0.970266;
		decal_origin = -6.082429,5.130865,2.331911,0x170D066D;
	  f far_plane = 1.100000;
	  x guid = 0x985F0229;
	  f horizontal_meters = 4.000000;
	  f lod = 1.000000;
	  f near_plane = 0.100000;
		texture = Art\Bitmaps\Decals\b_d_for01-a.%img%;
	  f vertical_meters = 4.000000;
	}
	[t:decal,n:*]
	{
		decal_orientation = 0.998460,-0.013434,-0.053819,0.000000,0.970230,-0.242184,0.055470,0.241811,0.968736;
		decal_origin = -5.471051,4.888799,2.219313,0x170D066D;
	  f far_plane = 1.100000;
	  x guid = 0x26070006;
	  f horizontal_meters = 4.000000;
	  f lod = 1.000000;
	  f near_plane = 0.100000;
		texture = Art\Bitmaps\Decals\b_d_for01-a.%img%;
	  f vertical_meters = 4.000000;
	}
	[t:decal,n:*]
	{
		decal_orientation = 0.978191,-0.059233,-0.199083,0.000000,0.958476,-0.285173,0.207708,0.278953,0.937573;
		decal_origin = 3.876659,-4.421496,-0.140776,0x170D066D;
	  f far_plane = 1.100000;
	  x guid = 0x38EDD4D4;
	  f horizontal_meters = 4.000000;
	  f lod = 1.000000;
	  f near_plane = 0.100000;
		texture = Art\Bitmaps\Decals\b_d_for01-a.%img%;
	  f vertical_meters = 4.000000;
	}
	[t:decal,n:*]
	{
		decal_orientation = 0.284088,0.850144,0.443338,0.000000,0.462390,-0.886677,-0.958798,0.251894,0.131359;
		decal_origin = -4.520417,-4.153123,-0.139879,0x170D066D;
	  f far_plane = 1.100000;
	  x guid = 0x7267C23C;
	  f horizontal_meters = 4.000000;
	  f lod = 1.000000;
	  f near_plane = 0.100000;
		texture = Art\Bitmaps\Decals\b_d_for01-a.%img%;
	  f vertical_meters = 4.000000;
	}
	[t:decal,n:*]
	{
		decal_orientation = 0.934039,-0.175318,-0.311184,0.000000,0.871245,-0.490849,0.357172,0.458472,0.813776;
		decal_origin = -3.428728,-4.534030,-0.729327,0x170D066D;
	  f far_plane = 1.100000;
	  x guid = 0xDAC30DD1;
	  f horizontal_meters = 4.000000;
	  f lod = 1.000000;
	  f near_plane = 0.100000;
		texture = Art\Bitmaps\Decals\b_d_for01-a.%img%;
	  f vertical_meters = 4.000000;
	}
	[t:decal,n:*]
	{
		decal_orientation = 0.995893,0.015544,0.089191,0.000000,0.985151,-0.171693,-0.090536,0.170988,0.981105;
		decal_origin = -1.978049,3.699857,0.076219,0x9860ACD7;
	  f far_plane = 1.100000;
	  x guid = 0x9A8F73B4;
	  f horizontal_meters = 4.000000;
	  f lod = 1.000000;
	  f near_plane = 0.100000;
		texture = Art\Bitmaps\Decals\b_d_for01-a.%img%;
	  f vertical_meters = 4.000000;
	}
	[t:decal,n:*]
	{
		decal_orientation = 0.948683,-0.068346,-0.308754,0.000000,0.976365,-0.216128,0.316228,0.205037,0.926261;
		decal_origin = -1.401650,5.436628,0.488387,0x9860ACD7;
	  f far_plane = 1.100000;
	  x guid = 0x109872B3;
	  f horizontal_meters = 4.000000;
	  f lod = 1.000000;
	  f near_plane = 0.100000;
		texture = Art\Bitmaps\Decals\b_d_for01-a.%img%;
	  f vertical_meters = 4.000000;
	}
	[t:decal,n:*]
	{
		decal_orientation = 1.000000,0.000000,0.000000,0.000000,0.988936,-0.148340,0.000000,0.148340,0.988936;
		decal_origin = -1.966154,1.540140,-0.280168,0x9860ACD7;
	  f far_plane = 1.100000;
	  x guid = 0xB26CD577;
	  f horizontal_meters = 4.000000;
	  f lod = 1.000000;
	  f near_plane = 0.100000;
		texture = Art\Bitmaps\Decals\b_d_for01-a.%img%;
	  f vertical_meters = 4.000000;
	}
	[t:decal,n:*]
	{
		decal_orientation = 1.000000,0.000000,0.000000,0.000000,0.980581,-0.196116,0.000000,0.196116,0.980581;
		decal_origin = -1.931882,-0.974176,-0.714639,0x9860ACD7;
	  f far_plane = 1.100000;
	  x guid = 0x96DF0AD5;
	  f horizontal_meters = 4.000000;
	  f lod = 1.000000;
	  f near_plane = 0.100000;
		texture = Art\Bitmaps\Decals\b_d_for01-a.%img%;
	  f vertical_meters = 4.000000;
	}
	[t:decal,n:*]
	{
		decal_orientation = 0.000000,-1.000000,0.000000,0.000000,0.000000,-1.000000,1.000000,0.000000,0.000000;
		decal_origin = -1.969017,-5.000000,-3.036046,0x9860ACD7;
	  f far_plane = 1.100000;
	  x guid = 0xC001BC05;
	  f horizontal_meters = 4.000000;
	  f lod = 1.000000;
	  f near_plane = 0.100000;
		texture = Art\Bitmaps\Decals\b_d_for01-a.%img%;
	  f vertical_meters = 4.000000;
	}
	[t:decal,n:*]
	{
		decal_orientation = 0.000000,0.990492,0.137568,0.000000,0.137568,-0.990492,-1.000000,0.000000,0.000000;
		decal_origin = -2.060602,-4.998817,-5.349728,0x9860ACD7;
	  f far_plane = 1.100000;
	  x guid = 0xF99B315C;
	  f horizontal_meters = 4.000000;
	  f lod = 1.000000;
	  f near_plane = 0.100000;
		texture = Art\Bitmaps\Decals\b_d_for01-a.%img%;
	  f vertical_meters = 4.000000;
	}
	[t:decal,n:*]
	{
		decal_orientation = 0.000000,-1.000000,0.000000,0.000000,0.000000,-1.000000,1.000000,0.000000,0.000000;
		decal_origin = 1.509672,1.000000,-0.368104,0xB5495F18;
	  f far_plane = 1.100000;
	  x guid = 0xC53BFAEB;
	  f horizontal_meters = 4.000000;
	  f lod = 1.000000;
	  f near_plane = 0.100000;
		texture = Art\Bitmaps\Decals\b_d_for01-a.%img%;
	  f vertical_meters = 4.000000;
	}
	[t:decal,n:*]
	{
		decal_orientation = 0.000000,-1.000000,0.000000,0.000000,0.000000,-1.000000,1.000000,0.000000,0.000000;
		decal_origin = 1.431719,1.000000,1.485476,0xB5495F18;
	  f far_plane = 1.100000;
	  x guid = 0xE98B1D2F;
	  f horizontal_meters = 4.000000;
	  f lod = 1.000000;
	  f near_plane = 0.100000;
		texture = Art\Bitmaps\Decals\b_d_for01-a.%img%;
	  f vertical_meters = 4.000000;
	}
	[t:decal,n:*]
	{
		decal_orientation = 0.000000,-1.000000,0.000000,0.000000,0.000000,-1.000000,1.000000,0.000000,0.000000;
		decal_origin = -0.577241,1.000002,1.492246,0xB5495F18;
	  f far_plane = 1.100000;
	  x guid = 0xA827DB82;
	  f horizontal_meters = 4.000000;
	  f lod = 1.000000;
	  f near_plane = 0.100000;
		texture = Art\Bitmaps\Decals\b_d_for01-a.%img%;
	  f vertical_meters = 4.000000;
	}
	[t:decal,n:*]
	{
		decal_orientation = 0.000000,-1.000000,0.000000,0.000000,0.000000,-1.000000,1.000000,0.000000,0.000000;
		decal_origin = -1.619126,1.000000,0.907921,0x1158A09B;
	  f far_plane = 1.100000;
	  x guid = 0x168074C8;
	  f horizontal_meters = 4.000000;
	  f lod = 1.000000;
	  f near_plane = 0.100000;
		texture = Art\Bitmaps\Decals\b_d_for01-a.%img%;
	  f vertical_meters = 4.000000;
	}
	[t:decal,n:*]
	{
		decal_orientation = 0.000000,-1.000000,0.000000,0.000000,0.000000,-1.000000,1.000000,0.000000,0.000000;
		decal_origin = -1.728177,1.000000,-1.214227,0x1158A09B;
	  f far_plane = 1.100000;
	  x guid = 0x633F6829;
	  f horizontal_meters = 4.000000;
	  f lod = 1.000000;
	  f near_plane = 0.100000;
		texture = Art\Bitmaps\Decals\b_d_for01-a.%img%;
	  f vertical_meters = 4.000000;
	}
	[t:decal,n:*]
	{
		decal_orientation = 0.000000,-1.000000,0.000000,0.000000,0.000000,-1.000000,1.000000,0.000000,0.000000;
		decal_origin = -0.310319,1.000000,-1.664927,0x1158A09B;
	  f far_plane = 1.100000;
	  x guid = 0x29B8A1F3;
	  f horizontal_meters = 4.000000;
	  f lod = 1.000000;
	  f near_plane = 0.100000;
		texture = Art\Bitmaps\Decals\b_d_for01-a.%img%;
	  f vertical_meters = 4.000000;
	}
	[t:decal,n:*]
	{
		decal_orientation = 0.000000,-1.000000,0.000000,0.000000,0.000000,-1.000000,1.000000,0.000000,0.000000;
		decal_origin = 1.859209,1.000000,-1.499026,0x1158A09B;
	  f far_plane = 1.100000;
	  x guid = 0xE556A96D;
	  f horizontal_meters = 4.000000;
	  f lod = 1.000000;
	  f near_plane = 0.100000;
		texture = Art\Bitmaps\Decals\b_d_for01-a.%img%;
	  f vertical_meters = 4.000000;
	}
	[t:decal,n:*]
	{
		decal_orientation = 0.000000,-1.000000,0.000000,0.000000,0.000000,-1.000000,1.000000,0.000000,0.000000;
		decal_origin = -0.034526,0.950001,1.961177,0xC166EB39;
	  f far_plane = 1.100000;
	  x guid = 0xBF7CB7F3;
	  f horizontal_meters = 4.000000;
	  f lod = 1.000000;
	  f near_plane = 0.100000;
		texture = Art\Bitmaps\Decals\b_d_for01-a.%img%;
	  f vertical_meters = 4.000000;
	}
	[t:decal,n:*]
	{
		decal_orientation = 0.000000,-1.000000,0.000000,0.000000,0.000000,-1.000000,1.000000,0.000000,0.000000;
		decal_origin = -1.520561,1.000000,0.117228,0xF292F6D4;
	  f far_plane = 1.100000;
	  x guid = 0x1939F956;
	  f horizontal_meters = 4.000000;
	  f lod = 1.000000;
	  f near_plane = 0.100000;
		texture = Art\Bitmaps\Decals\b_d_for01-a.%img%;
	  f vertical_meters = 4.000000;
	}
	[t:decal,n:*]
	{
		decal_orientation = 0.000000,-1.000000,0.000000,0.000000,0.000000,-1.000000,1.000000,0.000000,0.000000;
		decal_origin = -1.759221,1.000000,-1.972551,0xF292F6D4;
	  f far_plane = 1.100000;
	  x guid = 0xE272E50F;
	  f horizontal_meters = 4.000000;
	  f lod = 1.000000;
	  f near_plane = 0.100000;
		texture = Art\Bitmaps\Decals\b_d_for01-a.%img%;
	  f vertical_meters = 4.000000;
	}
	[t:decal,n:*]
	{
		decal_orientation = 0.000000,-1.000000,0.000000,0.000000,0.000000,-1.000000,1.000000,0.000000,0.000000;
		decal_origin = 1.784618,1.000000,-1.869773,0xB9A6529A;
	  f far_plane = 1.100000;
	  x guid = 0xCC2E23D3;
	  f horizontal_meters = 4.000000;
	  f lod = 1.000000;
	  f near_plane = 0.100000;
		texture = Art\Bitmaps\Decals\b_d_for01-a.%img%;
	  f vertical_meters = 4.000000;
	}
	[t:decal,n:*]
	{
		decal_orientation = 0.000000,-1.000000,0.000000,0.000000,0.000000,-1.000000,1.000000,0.000000,0.000000;
		decal_origin = 1.214434,1.000000,-0.089607,0xB9A6529A;
	  f far_plane = 1.100000;
	  x guid = 0xE91C0C23;
	  f horizontal_meters = 4.000000;
	  f lod = 1.000000;
	  f near_plane = 0.100000;
		texture = Art\Bitmaps\Decals\b_d_for01-a.%img%;
	  f vertical_meters = 4.000000;
	}
	[t:decal,n:*]
	{
		decal_orientation = 0.000000,-1.000000,0.000000,0.000000,0.000000,-1.000000,1.000000,0.000000,0.000000;
		decal_origin = 1.349688,1.000000,1.702806,0xB9A6529A;
	  f far_plane = 1.100000;
	  x guid = 0xD773A039;
	  f horizontal_meters = 4.000000;
	  f lod = 1.000000;
	  f near_plane = 0.100000;
		texture = Art\Bitmaps\Decals\b_d_for01-a.%img%;
	  f vertical_meters = 4.000000;
	}
	[t:decal,n:*]
	{
		decal_orientation = 1.000000,0.000000,0.000000,0.000000,0.000000,-1.000000,0.000000,1.000000,0.000000;
		decal_origin = 1.265072,0.999999,-0.651875,0x1158A09B;
	  f far_plane = 1.100000;
	  x guid = 0x1BF4CE56;
	  f horizontal_meters = 4.000000;
	  f lod = 1.000000;
	  f near_plane = 0.100000;
		texture = art\bitmaps\decals\b_d_for01-path.raw;
	  f vertical_meters = 4.000000;
	}
	[t:decal,n:*]
	{
		decal_orientation = 0.000000,1.000000,0.000000,0.000000,0.000000,-1.000000,-1.000000,0.000000,0.000000;
		decal_origin = 1.745747,0.999999,-1.363870,0xADD52CAD;
	  f far_plane = 1.100000;
	  x guid = 0x0FBBC7F1;
	  f horizontal_meters = 4.000000;
	  f lod = 1.000000;
	  f near_plane = 0.100000;
		texture = art\bitmaps\decals\b_d_for01-path.raw;
	  f vertical_meters = 4.000000;
	}
	[t:decal,n:*]
	{
		decal_orientation = 0.000000,-1.000000,0.000000,0.000000,0.000000,-1.000000,1.000000,0.000000,0.000000;
		decal_origin = -0.254245,0.999998,-1.092320,0x8A355B74;
	  f far_plane = 1.100000;
	  x guid = 0x1699B834;
	  f horizontal_meters = 4.000000;
	  f lod = 1.000000;
	  f near_plane = 0.100000;
		texture = art\bitmaps\decals\b_d_for01-path.raw;
	  f vertical_meters = 4.000000;
	}
	[t:decal,n:*]
	{
		decal_orientation = 0.000000,-1.000000,0.000000,0.000000,0.000000,-1.000000,1.000000,0.000000,0.000000;
		decal_origin = 0.712140,1.000000,-0.908853,0xDE180438;
	  f far_plane = 1.100000;
	  x guid = 0xD9B08680;
	  f horizontal_meters = 4.000000;
	  f lod = 1.000000;
	  f near_plane = 0.100000;
		texture = art\bitmaps\decals\b_d_for01-path.raw;
	  f vertical_meters = 4.000000;
	}
	[t:decal,n:*]
	{
		decal_orientation = 0.000000,-1.000000,0.000000,0.000000,0.000000,-1.000000,1.000000,0.000000,0.000000;
		decal_origin = -1.784729,1.000002,1.700061,0xF4EE882C;
	  f far_plane = 1.100000;
	  x guid = 0x2E5A5EBE;
	  f horizontal_meters = 4.000000;
	  f lod = 1.000000;
	  f near_plane = 0.100000;
		texture = art\bitmaps\decals\b_d_for01-path.raw;
	  f vertical_meters = 4.000000;
	}
	[t:decal,n:*]
	{
		decal_orientation = 0.000000,-1.000000,0.000000,0.000000,0.000000,-1.000000,1.000000,0.000000,0.000000;
		decal_origin = 0.704551,1.000000,-0.164634,0x6B8C0F4C;
	  f far_plane = 1.100000;
	  x guid = 0xC3C44D90;
	  f horizontal_meters = 4.000000;
	  f lod = 1.000000;
	  f near_plane = 0.100000;
		texture = art\bitmaps\decals\b_d_for01-path.raw;
	  f vertical_meters = 4.000000;
	}
	[t:decal,n:*]
	{
		decal_orientation = 0.000000,-1.000000,0.000000,0.000000,0.000000,-1.000000,1.000000,0.000000,0.000000;
		decal_origin = -0.031204,1.000000,0.383070,0xECB0CF31;
	  f far_plane = 1.100000;
	  x guid = 0x022F1756;
	  f horizontal_meters = 4.000000;
	  f lod = 1.000000;
	  f near_plane = 0.100000;
		texture = art\bitmaps\decals\b_d_for01-path.raw;
	  f vertical_meters = 4.000000;
	}
	[t:decal,n:*]
	{
		decal_orientation = 0.000000,-1.000000,0.000000,0.000000,0.000000,-1.000000,1.000000,0.000000,0.000000;
		decal_origin = -1.179729,1.000000,-1.220825,0x19469505;
	  f far_plane = 1.100000;
	  x guid = 0xB2515D7A;
	  f horizontal_meters = 4.000000;
	  f lod = 1.000000;
	  f near_plane = 0.100000;
		texture = art\bitmaps\decals\b_d_for01-path.raw;
	  f vertical_meters = 4.000000;
	}
	[t:decal,n:*]
	{
		decal_orientation = 0.000000,-1.000000,0.000000,0.000000,0.000000,-1.000000,1.000000,0.000000,0.000000;
		decal_origin = 0.340486,0.999998,-0.725381,0x51FD23EC;
	  f far_plane = 1.100000;
	  x guid = 0x0388A89C;
	  f horizontal_meters = 4.000000;
	  f lod = 1.000000;
	  f near_plane = 0.100000;
		texture = art\bitmaps\decals\b_d_for01-path.raw;
	  f vertical_meters = 4.000000;
	}
	[t:decal,n:*]
	{
		decal_orientation = 0.000000,-1.000000,0.000000,0.000000,0.000000,-1.000000,1.000000,0.000000,0.000000;
		decal_origin = -1.068528,1.000000,-0.016045,0x924BD37D;
	  f far_plane = 1.100000;
	  x guid = 0x4C554145;
	  f horizontal_meters = 4.000000;
	  f lod = 1.000000;
	  f near_plane = 0.100000;
		texture = art\bitmaps\decals\b_d_for01-path.raw;
	  f vertical_meters = 4.000000;
	}
	[t:decal,n:*]
	{
		decal_orientation = 0.000000,-1.000000,0.000000,0.000000,0.000000,-1.000000,1.000000,0.000000,0.000000;
		decal_origin = -1.563932,1.000000,1.182756,0x734B3E35;
	  f far_plane = 1.100000;
	  x guid = 0xD8A679F6;
	  f horizontal_meters = 4.000000;
	  f lod = 1.000000;
	  f near_plane = 0.100000;
		texture = art\bitmaps\decals\b_d_for01-path.raw;
	  f vertical_meters = 4.000000;
	}
	[t:decal,n:*]
	{
		decal_orientation = 0.000000,-1.000000,0.000000,0.000000,0.000000,-1.000000,1.000000,0.000000,0.000000;
		decal_origin = -0.464341,1.000000,0.751876,0x7AE3A596;
	  f far_plane = 1.100000;
	  x guid = 0xEC9E329E;
	  f horizontal_meters = 4.000000;
	  f lod = 1.000000;
	  f near_plane = 0.100000;
		texture = art\bitmaps\decals\b_d_for01-path.raw;
	  f vertical_meters = 4.000000;
	}
	[t:decal,n:*]
	{
		decal_orientation = 0.000000,-1.000000,0.000000,0.000000,0.000000,-1.000000,1.000000,0.000000,0.000000;
		decal_origin = -0.384763,1.000002,0.622270,0x8610B89D;
	  f far_plane = 1.100000;
	  x guid = 0xAA9492CD;
	  f horizontal_meters = 4.000000;
	  f lod = 1.000000;
	  f near_plane = 0.100000;
		texture = art\bitmaps\decals\b_d_for01-path.raw;
	  f vertical_meters = 4.000000;
	}
	[t:decal,n:*]
	{
		decal_orientation = 0.000000,-1.000000,0.000000,0.000000,0.000000,-1.000000,1.000000,0.000000,0.000000;
		decal_origin = -0.479550,0.999998,1.396907,0x931F2BC1;
	  f far_plane = 1.100000;
	  x guid = 0xBA1F7648;
	  f horizontal_meters = 4.000000;
	  f lod = 1.000000;
	  f near_plane = 0.100000;
		texture = art\bitmaps\decals\b_d_for01-path.raw;
	  f vertical_meters = 4.000000;
	}
	[t:decal,n:*]
	{
		decal_orientation = 0.000000,-1.000000,0.000000,0.000000,0.000000,-1.000000,1.000000,0.000000,0.000000;
		decal_origin = 0.513546,1.000000,0.440805,0x4ECC986F;
	  f far_plane = 1.100000;
	  x guid = 0xBBDDE78F;
	  f horizontal_meters = 4.000000;
	  f lod = 1.000000;
	  f near_plane = 0.100000;
		texture = art\bitmaps\decals\b_d_for01-path.raw;
	  f vertical_meters = 4.000000;
	}
}
