[decals]
{
	[t:decal,n:*]
	{
		decal_orientation = 0.000000,0.000000,0.000000,0.000000,12916386060664682000000000000000000000.000000,0.000000,0.000000,0.000000,0.000000;
		decal_origin = 0.502884,1.000000,-0.632522,0x37AC7D8B;
	  f far_plane = 4.100000;
	  x guid = 0x22C5C381;
	  f horizontal_meters = 13.892562;
	  f lod = 1.000000;
	  f near_plane = 0.100000;
		texture = Art\Bitmaps\Decals\b_d_jng01-a.%img%;
	  f vertical_meters = 13.892562;
	}
	[t:decal,n:*]
	{
		decal_orientation = 0.000000,-1.000000,0.000000,0.000000,0.000000,-1.000000,1.000000,0.000000,0.000000;
		decal_origin = 0.502884,1.000000,-0.632522,0x37AC7D8B;
	  f far_plane = 4.100000;
	  x guid = 0x22C5C381;
	  f horizontal_meters = 13.892562;
	  f lod = 1.000000;
	  f near_plane = 0.100000;
		texture = Art\Bitmaps\Decals\b_d_jng01-a.%img%;
	  f vertical_meters = 13.892562;
	}
	[t:decal,n:*]
	{
		decal_orientation = 0.000000,0.000000,0.000000,0.000000,12916386060664682000000000000000000000.000000,0.000000,0.000000,0.000000,0.000000;
		decal_origin = 0.904497,1.426317,1.142603,0x229ECDEC;
	  f far_plane = 4.100000;
	  x guid = 0xA2D312D0;
	  f horizontal_meters = 13.892562;
	  f lod = 1.000000;
	  f near_plane = 0.100000;
		texture = Art\Bitmaps\Decals\b_d_jng01-a.%img%;
	  f vertical_meters = 13.892562;
	}
	[t:decal,n:*]
	{
		decal_orientation = 0.000000,-1.000000,0.000000,0.000000,0.000000,-1.000000,1.000000,0.000000,0.000000;
		decal_origin = 0.904497,1.426317,1.142603,0x229ECDEC;
	  f far_plane = 4.100000;
	  x guid = 0xA2D312D0;
	  f horizontal_meters = 13.892562;
	  f lod = 1.000000;
	  f near_plane = 0.100000;
		texture = Art\Bitmaps\Decals\b_d_jng01-a.%img%;
	  f vertical_meters = 13.892562;
	}
	[t:decal,n:*]
	{
		decal_orientation = 0.000000,0.000000,0.000000,0.000000,12916386060664682000000000000000000000.000000,0.000000,0.000000,0.000000,0.000000;
		decal_origin = -0.598594,1.565766,3.454563,0x61DF2D9B;
	  f far_plane = 4.100000;
	  x guid = 0xFF609F16;
	  f horizontal_meters = 13.892562;
	  f lod = 1.000000;
	  f near_plane = 0.100000;
		texture = Art\Bitmaps\Decals\b_d_jng01-a.%img%;
	  f vertical_meters = 13.892562;
	}
	[t:decal,n:*]
	{
		decal_orientation = 0.000000,-1.000000,0.000000,0.000000,0.000000,-1.000000,1.000000,0.000000,0.000000;
		decal_origin = -0.598594,1.565766,3.454563,0x61DF2D9B;
	  f far_plane = 4.100000;
	  x guid = 0xFF609F16;
	  f horizontal_meters = 13.892562;
	  f lod = 1.000000;
	  f near_plane = 0.100000;
		texture = Art\Bitmaps\Decals\b_d_jng01-a.%img%;
	  f vertical_meters = 13.892562;
	}
	[t:decal,n:*]
	{
		decal_orientation = 0.000000,0.000000,0.000000,0.000000,12916386060664682000000000000000000000.000000,0.000000,0.000000,0.000000,0.000000;
		decal_origin = 0.810493,1.052078,0.151030,0x59EF77AB;
	  f far_plane = 4.100000;
	  x guid = 0x0D0458E4;
	  f horizontal_meters = 13.892562;
	  f lod = 1.000000;
	  f near_plane = 0.100000;
		texture = Art\Bitmaps\Decals\b_d_jng01-a.%img%;
	  f vertical_meters = 13.892562;
	}
	[t:decal,n:*]
	{
		decal_orientation = 0.000000,-1.000000,0.000000,0.000000,0.000000,-1.000000,1.000000,0.000000,0.000000;
		decal_origin = 0.810493,1.052078,0.151030,0x59EF77AB;
	  f far_plane = 4.100000;
	  x guid = 0x0D0458E4;
	  f horizontal_meters = 13.892562;
	  f lod = 1.000000;
	  f near_plane = 0.100000;
		texture = Art\Bitmaps\Decals\b_d_jng01-a.%img%;
	  f vertical_meters = 13.892562;
	}
	[t:decal,n:*]
	{
		decal_orientation = 0.000000,0.000000,0.000000,0.000000,12916386060664682000000000000000000000.000000,0.000000,0.000000,0.000000,0.000000;
		decal_origin = 1.577393,1.268423,-3.553082,0xBBD47708;
	  f far_plane = 4.100000;
	  x guid = 0x8523161B;
	  f horizontal_meters = 13.892562;
	  f lod = 1.000000;
	  f near_plane = 0.100000;
		texture = Art\Bitmaps\Decals\b_d_jng01-a.%img%;
	  f vertical_meters = 13.892562;
	}
	[t:decal,n:*]
	{
		decal_orientation = 0.000000,-1.000000,0.000000,0.000000,0.000000,-1.000000,1.000000,0.000000,0.000000;
		decal_origin = 1.577393,1.268423,-3.553082,0xBBD47708;
	  f far_plane = 4.100000;
	  x guid = 0x8523161B;
	  f horizontal_meters = 13.892562;
	  f lod = 1.000000;
	  f near_plane = 0.100000;
		texture = Art\Bitmaps\Decals\b_d_jng01-a.%img%;
	  f vertical_meters = 13.892562;
	}
	[t:decal,n:*]
	{
		decal_orientation = 0.000000,0.000000,0.000000,0.000000,12916386060664682000000000000000000000.000000,0.000000,0.000000,0.000000,0.000000;
		decal_origin = 0.453955,0.999999,0.337467,0xDBF243EF;
	  f far_plane = 1.100000;
	  x guid = 0x142330EF;
	  f horizontal_meters = 1.000000;
	  f lod = 1.000000;
	  f near_plane = 0.100000;
		texture = Art\Bitmaps\Decals\b_d_jng01-path.%img%;
	  f vertical_meters = 1.000000;
	}
	[t:decal,n:*]
	{
		decal_orientation = 0.000000,-1.000000,0.000000,0.000000,0.000000,-1.000000,1.000000,0.000000,0.000000;
		decal_origin = 0.453955,0.999999,0.337467,0xDBF243EF;
	  f far_plane = 1.100000;
	  x guid = 0x142330EF;
	  f horizontal_meters = 1.000000;
	  f lod = 1.000000;
	  f near_plane = 0.100000;
		texture = Art\Bitmaps\Decals\b_d_jng01-path.%img%;
	  f vertical_meters = 1.000000;
	}
	[t:decal,n:*]
	{
		decal_orientation = 0.000000,0.000000,0.000000,0.000000,12916386060664682000000000000000000000.000000,0.000000,0.000000,0.000000,0.000000;
		decal_origin = 1.686053,2.152252,-0.486904,0x35A860BF;
	  f far_plane = 4.100000;
	  x guid = 0xD4349E39;
	  f horizontal_meters = 13.892562;
	  f lod = 1.000000;
	  f near_plane = 0.100000;
		texture = Art\Bitmaps\Decals\b_d_jng01-a.%img%;
	  f vertical_meters = 13.892562;
	}
	[t:decal,n:*]
	{
		decal_orientation = 0.000000,-1.000000,0.000000,0.000000,0.000000,-1.000000,1.000000,0.000000,0.000000;
		decal_origin = 1.686053,2.152252,-0.486904,0x35A860BF;
	  f far_plane = 4.100000;
	  x guid = 0xD4349E39;
	  f horizontal_meters = 13.892562;
	  f lod = 1.000000;
	  f near_plane = 0.100000;
		texture = Art\Bitmaps\Decals\b_d_jng01-a.%img%;
	  f vertical_meters = 13.892562;
	}
	[t:decal,n:*]
	{
		decal_orientation = 0.000000,0.000000,0.000000,0.000000,12916386060664682000000000000000000000.000000,0.000000,0.000000,0.000000,0.000000;
		decal_origin = -0.922119,2.999999,-0.011879,0x1B8446EF;
	  f far_plane = 4.100000;
	  x guid = 0xFFF6DC52;
	  f horizontal_meters = 4.000000;
	  f lod = 1.000000;
	  f near_plane = 0.100000;
		texture = Art\Bitmaps\Decals\b_d_jng01-path.%img%;
	  f vertical_meters = 4.000000;
	}
	[t:decal,n:*]
	{
		decal_orientation = 0.000000,-1.000000,0.000000,0.000000,0.000000,-1.000000,1.000000,0.000000,0.000000;
		decal_origin = -0.922119,2.999999,-0.011879,0x1B8446EF;
	  f far_plane = 4.100000;
	  x guid = 0xFFF6DC52;
	  f horizontal_meters = 4.000000;
	  f lod = 1.000000;
	  f near_plane = 0.100000;
		texture = Art\Bitmaps\Decals\b_d_jng01-path.%img%;
	  f vertical_meters = 4.000000;
	}
	[t:decal,n:*]
	{
		decal_orientation = 0.000000,0.000000,0.000000,0.000000,12916386060664682000000000000000000000.000000,0.000000,0.000000,0.000000,0.000000;
		decal_origin = -8.096125,-15.438068,-4.144944,0x77411FE6;
	  f far_plane = 1.100000;
	  x guid = 0xE695F64D;
	  f horizontal_meters = 1.000000;
	  f lod = 1.000000;
	  f near_plane = 0.100000;
		texture = Art\Bitmaps\Decals\b_d_jng01-path.%img%;
	  f vertical_meters = 1.000000;
	}
	[t:decal,n:*]
	{
		decal_orientation = 0.000000,-1.000000,0.000000,0.000000,0.000000,-1.000000,1.000000,0.000000,0.000000;
		decal_origin = -8.096125,-15.438068,-4.144944,0x77411FE6;
	  f far_plane = 1.100000;
	  x guid = 0xE695F64D;
	  f horizontal_meters = 1.000000;
	  f lod = 1.000000;
	  f near_plane = 0.100000;
		texture = Art\Bitmaps\Decals\b_d_jng01-path.%img%;
	  f vertical_meters = 1.000000;
	}
	[t:decal,n:*]
	{
		decal_orientation = 0.000000,0.000000,0.000000,0.000000,12916386060664682000000000000000000000.000000,0.000000,0.000000,0.000000,0.000000;
		decal_origin = 0.396233,3.450605,2.464859,0x42366A14;
	  f far_plane = 4.100000;
	  x guid = 0x645617D8;
	  f horizontal_meters = 4.000000;
	  f lod = 1.000000;
	  f near_plane = 0.100000;
		texture = Art\Bitmaps\Decals\b_d_jng01-path.%img%;
	  f vertical_meters = 4.000000;
	}
	[t:decal,n:*]
	{
		decal_orientation = 0.000000,-1.000000,0.000000,0.000000,0.000000,-1.000000,1.000000,0.000000,0.000000;
		decal_origin = 0.396233,3.450605,2.464859,0x42366A14;
	  f far_plane = 4.100000;
	  x guid = 0x645617D8;
	  f horizontal_meters = 4.000000;
	  f lod = 1.000000;
	  f near_plane = 0.100000;
		texture = Art\Bitmaps\Decals\b_d_jng01-path.%img%;
	  f vertical_meters = 4.000000;
	}
	[t:decal,n:*]
	{
		decal_orientation = 0.000000,0.000000,0.000000,0.000000,12916386060664682000000000000000000000.000000,0.000000,0.000000,0.000000,0.000000;
		decal_origin = -0.257919,1.366452,-1.308029,0xC4B5BDE4;
	  f far_plane = 4.100000;
	  x guid = 0xBF024C35;
	  f horizontal_meters = 13.892562;
	  f lod = 1.000000;
	  f near_plane = 0.100000;
		texture = Art\Bitmaps\Decals\b_d_jng01-a.%img%;
	  f vertical_meters = 13.892562;
	}
	[t:decal,n:*]
	{
		decal_orientation = 0.000000,-1.000000,0.000000,0.000000,0.000000,-1.000000,1.000000,0.000000,0.000000;
		decal_origin = -0.257919,1.366452,-1.308029,0xC4B5BDE4;
	  f far_plane = 4.100000;
	  x guid = 0xBF024C35;
	  f horizontal_meters = 13.892562;
	  f lod = 1.000000;
	  f near_plane = 0.100000;
		texture = Art\Bitmaps\Decals\b_d_jng01-a.%img%;
	  f vertical_meters = 13.892562;
	}
	[t:decal,n:*]
	{
		decal_orientation = -0.707107,-0.707107,0.000000,0.000000,0.000000,-1.000000,0.707107,-0.707107,0.000000;
		decal_origin = -1.849442,1.000000,-1.220520,0xFED344ED;
	  f far_plane = 1.100000;
	  x guid = 0x8011635C;
	  f horizontal_meters = 1.500000;
	  f lod = 1.000000;
	  f near_plane = 0.100000;
		texture = Art\Bitmaps\Decals\b_d_straw-a.%img%;
	  f vertical_meters = 1.500000;
	}
	[t:decal,n:*]
	{
		decal_orientation = 0.707107,-0.707107,0.000000,0.000000,0.000000,-1.000000,0.707107,0.707107,0.000000;
		decal_origin = -2.777817,1.000000,-2.094894,0xFED344ED;
	  f far_plane = 1.100000;
	  x guid = 0x125A3349;
	  f horizontal_meters = 1.500000;
	  f lod = 1.000000;
	  f near_plane = 0.100000;
		texture = Art\Bitmaps\Decals\b_d_straw-a.%img%;
	  f vertical_meters = 1.500000;
	}
	[t:decal,n:*]
	{
		decal_orientation = 0.000000,-1.000000,0.000000,0.000000,0.000000,-1.000000,1.000000,0.000000,0.000000;
		decal_origin = -3.169167,0.999999,-1.036484,0xFED344ED;
	  f far_plane = 1.100000;
	  x guid = 0x5EE3510B;
	  f horizontal_meters = 1.500000;
	  f lod = 1.000000;
	  f near_plane = 0.100000;
		texture = Art\Bitmaps\Decals\b_d_straw-a.%img%;
	  f vertical_meters = 1.500000;
	}
	[t:decal,n:*]
	{
		decal_orientation = 0.000000,0.000000,0.000000,0.000000,12916386060664682000000000000000000000.000000,0.000000,0.000000,0.000000,0.000000;
		decal_origin = 1.096107,1.375881,1.858814,0x70849704;
	  f far_plane = 4.100000;
	  x guid = 0x442BB8EE;
	  f horizontal_meters = 13.892562;
	  f lod = 1.000000;
	  f near_plane = 0.100000;
		texture = Art\Bitmaps\Decals\b_d_jng01-a.%img%;
	  f vertical_meters = 13.892562;
	}
	[t:decal,n:*]
	{
		decal_orientation = 0.000000,-1.000000,0.000000,0.000000,0.000000,-1.000000,1.000000,0.000000,0.000000;
		decal_origin = 1.096107,1.375881,1.858814,0x70849704;
	  f far_plane = 4.100000;
	  x guid = 0x442BB8EE;
	  f horizontal_meters = 13.892562;
	  f lod = 1.000000;
	  f near_plane = 0.100000;
		texture = Art\Bitmaps\Decals\b_d_jng01-a.%img%;
	  f vertical_meters = 13.892562;
	}
	[t:decal,n:*]
	{
		decal_orientation = 0.000000,0.000000,0.000000,0.000000,12916386060664682000000000000000000000.000000,0.000000,0.000000,0.000000,0.000000;
		decal_origin = -0.464626,1.202942,-0.888275,0xDDD457B0;
	  f far_plane = 4.100000;
	  x guid = 0xA73865D9;
	  f horizontal_meters = 13.892562;
	  f lod = 1.000000;
	  f near_plane = 0.100000;
		texture = Art\Bitmaps\Decals\b_d_jng01-a.%img%;
	  f vertical_meters = 13.892562;
	}
	[t:decal,n:*]
	{
		decal_orientation = 0.000000,-1.000000,0.000000,0.000000,0.000000,-1.000000,1.000000,0.000000,0.000000;
		decal_origin = -0.464626,1.202942,-0.888275,0xDDD457B0;
	  f far_plane = 4.100000;
	  x guid = 0xA73865D9;
	  f horizontal_meters = 13.892562;
	  f lod = 1.000000;
	  f near_plane = 0.100000;
		texture = Art\Bitmaps\Decals\b_d_jng01-a.%img%;
	  f vertical_meters = 13.892562;
	}
	[t:decal,n:*]
	{
		decal_orientation = 0.000000,0.000000,0.000000,0.000000,12916386060664682000000000000000000000.000000,0.000000,0.000000,0.000000,0.000000;
		decal_origin = -1.548285,1.550477,1.592592,0x167B3F72;
	  f far_plane = 4.100000;
	  x guid = 0x94953635;
	  f horizontal_meters = 13.892562;
	  f lod = 1.000000;
	  f near_plane = 0.100000;
		texture = Art\Bitmaps\Decals\b_d_jng01-a.%img%;
	  f vertical_meters = 13.892562;
	}
	[t:decal,n:*]
	{
		decal_orientation = 0.000000,-1.000000,0.000000,0.000000,0.000000,-1.000000,1.000000,0.000000,0.000000;
		decal_origin = -1.548285,1.550477,1.592592,0x167B3F72;
	  f far_plane = 4.100000;
	  x guid = 0x94953635;
	  f horizontal_meters = 13.892562;
	  f lod = 1.000000;
	  f near_plane = 0.100000;
		texture = Art\Bitmaps\Decals\b_d_jng01-a.%img%;
	  f vertical_meters = 13.892562;
	}
	[t:decal,n:*]
	{
		decal_orientation = 0.000000,0.000000,0.000000,0.000000,12916386060664682000000000000000000000.000000,0.000000,0.000000,0.000000,0.000000;
		decal_origin = -0.970886,4.266928,-0.478409,0x0AA93481;
	  f far_plane = 4.100000;
	  x guid = 0xF10419B7;
	  f horizontal_meters = 4.000000;
	  f lod = 1.000000;
	  f near_plane = 0.100000;
		texture = Art\Bitmaps\Decals\b_d_jng01-path.%img%;
	  f vertical_meters = 4.000000;
	}
	[t:decal,n:*]
	{
		decal_orientation = 0.000000,-1.000000,0.000000,0.000000,0.000000,-1.000000,1.000000,0.000000,0.000000;
		decal_origin = -0.850906,3.459339,-0.693298,0x0AA93481;
	  f far_plane = 4.100000;
	  x guid = 0xF10419B7;
	  f horizontal_meters = 4.000000;
	  f lod = 1.000000;
	  f near_plane = 0.100000;
		texture = Art\Bitmaps\Decals\b_d_jng01-path.%img%;
	  f vertical_meters = 4.000000;
	}
	[t:decal,n:*]
	{
		decal_orientation = 0.000000,0.000000,0.000000,0.000000,12916386060664682000000000000000000000.000000,0.000000,0.000000,0.000000,0.000000;
		decal_origin = -1.333521,3.964433,1.609594,0x0AA93481;
	  f far_plane = 4.100000;
	  x guid = 0x89C4CADF;
	  f horizontal_meters = 4.000000;
	  f lod = 1.000000;
	  f near_plane = 0.100000;
		texture = Art\Bitmaps\Decals\b_d_jng01-path.%img%;
	  f vertical_meters = 4.000000;
	}
	[t:decal,n:*]
	{
		decal_orientation = 0.000000,-1.000000,0.000000,0.000000,0.000000,-1.000000,1.000000,0.000000,0.000000;
		decal_origin = -1.333521,3.964433,1.609594,0x0AA93481;
	  f far_plane = 4.100000;
	  x guid = 0x89C4CADF;
	  f horizontal_meters = 4.000000;
	  f lod = 1.000000;
	  f near_plane = 0.100000;
		texture = Art\Bitmaps\Decals\b_d_jng01-path.%img%;
	  f vertical_meters = 4.000000;
	}
	[t:decal,n:*]
	{
		decal_orientation = 0.000000,0.000000,0.000000,0.000000,12916386060664682000000000000000000000.000000,0.000000,0.000000,0.000000,0.000000;
		decal_origin = -0.897065,2.826972,-2.568466,0x1277BBB8;
	  f far_plane = 4.100000;
	  x guid = 0x39D1A693;
	  f horizontal_meters = 4.000000;
	  f lod = 1.000000;
	  f near_plane = 0.100000;
		texture = Art\Bitmaps\Decals\b_d_jng01-path.%img%;
	  f vertical_meters = 4.000000;
	}
	[t:decal,n:*]
	{
		decal_orientation = 0.000000,-1.000000,0.000000,0.000000,0.000000,-1.000000,1.000000,0.000000,0.000000;
		decal_origin = -0.897065,2.826972,-2.568466,0x1277BBB8;
	  f far_plane = 4.100000;
	  x guid = 0x39D1A693;
	  f horizontal_meters = 4.000000;
	  f lod = 1.000000;
	  f near_plane = 0.100000;
		texture = Art\Bitmaps\Decals\b_d_jng01-path.%img%;
	  f vertical_meters = 4.000000;
	}
	[t:decal,n:*]
	{
		decal_orientation = 0.956166,-0.032464,-0.291021,0.000000,0.993836,-0.110865,0.292826,0.106005,0.950272;
		decal_origin = 2.222201,-6.335656,-1.523443,0x64D484A3;
	  f far_plane = 1.100000;
	  x guid = 0x7405FC34;
	  f horizontal_meters = 4.000000;
	  f lod = 1.000000;
	  f near_plane = 0.100000;
		texture = Art\Bitmaps\Decals\b_d_jng01-a.%img%;
	  f vertical_meters = 4.000000;
	}
	[t:decal,n:*]
	{
		decal_orientation = 0.948683,-0.009995,-0.316070,0.000000,0.999500,-0.031607,0.316228,0.029985,0.948209;
		decal_origin = 2.214273,0.512091,-1.166128,0x64D484A3;
	  f far_plane = 1.100000;
	  x guid = 0xFBEA380F;
	  f horizontal_meters = 4.000000;
	  f lod = 1.000000;
	  f near_plane = 0.100000;
		texture = Art\Bitmaps\Decals\b_d_jng01-a.%img%;
	  f vertical_meters = 4.000000;
	}
	[t:decal,n:*]
	{
		decal_orientation = 0.948683,-0.009995,-0.316070,0.000000,0.999500,-0.031607,0.316228,0.029985,0.948209;
		decal_origin = 2.307747,2.276583,-1.076150,0x64D484A3;
	  f far_plane = 1.100000;
	  x guid = 0x96C2BE72;
	  f horizontal_meters = 4.000000;
	  f lod = 1.000000;
	  f near_plane = 0.100000;
		texture = Art\Bitmaps\Decals\b_d_jng01-a.%img%;
	  f vertical_meters = 4.000000;
	}
	[t:decal,n:*]
	{
		decal_orientation = 1.000000,0.000000,0.000000,0.000000,0.995037,-0.099504,0.000000,0.099504,0.995037;
		decal_origin = 1.976758,6.816841,-0.923304,0x64D484A3;
	  f far_plane = 1.100000;
	  x guid = 0x88A23FBA;
	  f horizontal_meters = 4.000000;
	  f lod = 1.000000;
	  f near_plane = 0.100000;
		texture = Art\Bitmaps\Decals\b_d_jng01-a.%img%;
	  f vertical_meters = 4.000000;
	}
	[t:decal,n:*]
	{
		decal_orientation = 1.000000,0.000000,0.000000,0.000000,0.980581,-0.196116,0.000000,0.196116,0.980581;
		decal_origin = 1.996121,9.098944,-0.600016,0x64D484A3;
	  f far_plane = 1.100000;
	  x guid = 0x39906924;
	  f horizontal_meters = 4.000000;
	  f lod = 1.000000;
	  f near_plane = 0.100000;
		texture = Art\Bitmaps\Decals\b_d_jng01-a.%img%;
	  f vertical_meters = 4.000000;
	}
	[t:decal,n:*]
	{
		decal_orientation = 1.000000,0.000000,0.000000,0.000000,0.980581,-0.196116,0.000000,0.196116,0.980581;
		decal_origin = 1.970843,11.555820,-0.108642,0x64D484A3;
	  f far_plane = 1.100000;
	  x guid = 0x8BE5591D;
	  f horizontal_meters = 4.000000;
	  f lod = 1.000000;
	  f near_plane = 0.100000;
		texture = Art\Bitmaps\Decals\b_d_jng01-a.%img%;
	  f vertical_meters = 4.000000;
	}
	[t:decal,n:*]
	{
		decal_orientation = 0.889167,0.123701,0.440546,0.000000,0.962766,-0.270335,-0.457583,0.240373,0.856060;
		decal_origin = 1.149612,11.932247,0.248087,0x64D484A3;
	  f far_plane = 1.100000;
	  x guid = 0xCCD5B945;
	  f horizontal_meters = 4.000000;
	  f lod = 1.000000;
	  f near_plane = 0.100000;
		texture = Art\Bitmaps\Decals\b_d_jng01-a.%img%;
	  f vertical_meters = 4.000000;
	}
	[t:decal,n:*]
	{
		decal_orientation = 1.000000,0.000000,0.000000,0.000000,0.316229,-0.948683,0.000000,0.948683,0.316229;
		decal_origin = 1.467054,12.928865,1.624323,0x64D484A3;
	  f far_plane = 1.100000;
	  x guid = 0x10628EB5;
	  f horizontal_meters = 4.000000;
	  f lod = 1.000000;
	  f near_plane = 0.100000;
		texture = Art\Bitmaps\Decals\b_d_jng01-a.%img%;
	  f vertical_meters = 4.000000;
	}
	[t:decal,n:*]
	{
		decal_orientation = 0.889167,0.123701,0.440546,0.000000,0.962766,-0.270335,-0.457583,0.240373,0.856060;
		decal_origin = 0.826105,10.073448,-0.172418,0x64D484A3;
	  f far_plane = 1.100000;
	  x guid = 0xA6A62F33;
	  f horizontal_meters = 4.000000;
	  f lod = 1.000000;
	  f near_plane = 0.100000;
		texture = Art\Bitmaps\Decals\b_d_jng01-a.%img%;
	  f vertical_meters = 4.000000;
	}
	[t:decal,n:*]
	{
		decal_orientation = 0.000000,-1.000000,0.000000,0.000000,0.000000,-1.000000,1.000000,0.000000,0.000000;
		decal_origin = -0.068131,1.000000,-1.281553,0x24809B93;
	  f far_plane = 1.100000;
	  x guid = 0x66A94E76;
	  f horizontal_meters = 4.000000;
	  f lod = 1.000000;
	  f near_plane = 0.100000;
		texture = Art\Bitmaps\Decals\b_d_jng01-a.%img%;
	  f vertical_meters = 4.000000;
	}
	[t:decal,n:*]
	{
		decal_orientation = 0.707107,-0.707107,0.000000,0.000000,0.000000,-1.000000,0.707107,0.707107,0.000000;
		decal_origin = -1.559023,1.000000,0.355593,0x24809B93;
	  f far_plane = 1.100000;
	  x guid = 0x30BE7745;
	  f horizontal_meters = 4.000000;
	  f lod = 1.000000;
	  f near_plane = 0.100000;
		texture = Art\Bitmaps\Decals\b_d_jng01-a.%img%;
	  f vertical_meters = 4.000000;
	}
	[t:decal,n:*]
	{
		decal_orientation = -0.707107,-0.707107,0.000000,0.000000,0.000000,-1.000000,0.707107,-0.707107,0.000000;
		decal_origin = -1.117996,0.999998,1.625908,0x24809B93;
	  f far_plane = 1.100000;
	  x guid = 0x510DD8D3;
	  f horizontal_meters = 4.000000;
	  f lod = 1.000000;
	  f near_plane = 0.100000;
		texture = Art\Bitmaps\Decals\b_d_jng01-a.%img%;
	  f vertical_meters = 4.000000;
	}
	[t:decal,n:*]
	{
		decal_orientation = 0.000000,-0.995037,-0.099504,0.000000,0.099504,-0.995037,1.000000,0.000000,0.000000;
		decal_origin = -19.150681,12.995052,-13.331568,0x3034D6EF;
	  f far_plane = 1.100000;
	  x guid = 0x8136A4DA;
	  f horizontal_meters = 4.000000;
	  f lod = 1.000000;
	  f near_plane = 0.100000;
		texture = Art\Bitmaps\Decals\b_d_jng01-a.%img%;
	  f vertical_meters = 4.000000;
	}
	[t:decal,n:*]
	{
		decal_orientation = 0.992877,-0.023206,-0.116863,0.000000,0.980848,-0.194772,0.119145,0.193385,0.973862;
		decal_origin = -18.985418,11.096876,-15.125716,0x3034D6EF;
	  f far_plane = 1.100000;
	  x guid = 0xDE2C8192;
	  f horizontal_meters = 4.000000;
	  f lod = 1.000000;
	  f near_plane = 0.100000;
		texture = Art\Bitmaps\Decals\b_d_jng01-a.%img%;
	  f vertical_meters = 4.000000;
	}
	[t:decal,n:*]
	{
		decal_orientation = 1.000000,0.000000,0.000000,0.000000,1.000000,0.000000,0.000000,0.000000,1.000000;
		decal_origin = -19.003401,5.947582,-15.950002,0x3034D6EF;
	  f far_plane = 1.100000;
	  x guid = 0x5EF92AAD;
	  f horizontal_meters = 4.000000;
	  f lod = 1.000000;
	  f near_plane = 0.100000;
		texture = Art\Bitmaps\Decals\b_d_jng01-a.%img%;
	  f vertical_meters = 4.000000;
	}
	[t:decal,n:*]
	{
		decal_orientation = 1.000000,0.000000,0.000000,0.000000,0.995037,-0.099504,0.000000,0.099504,0.995037;
		decal_origin = -19.160252,7.374186,-15.817570,0x3034D6EF;
	  f far_plane = 1.100000;
	  x guid = 0xDB6DCEF6;
	  f horizontal_meters = 4.000000;
	  f lod = 1.000000;
	  f near_plane = 0.100000;
		texture = Art\Bitmaps\Decals\b_d_jng01-a.%img%;
	  f vertical_meters = 4.000000;
	}
	[t:decal,n:*]
	{
		decal_orientation = 0.980581,0.006407,0.196011,0.000000,0.999466,-0.032669,-0.196116,0.032034,0.980057;
		decal_origin = -19.404524,3.723190,-16.015337,0x3034D6EF;
	  f far_plane = 1.100000;
	  x guid = 0x4B7E79A6;
	  f horizontal_meters = 4.000000;
	  f lod = 1.000000;
	  f near_plane = 0.100000;
		texture = Art\Bitmaps\Decals\b_d_jng01-a.%img%;
	  f vertical_meters = 4.000000;
	}
	[t:decal,n:*]
	{
		decal_orientation = 0.980581,0.006407,0.196011,0.000000,0.999466,-0.032669,-0.196116,0.032034,0.980057;
		decal_origin = -19.075611,3.108572,-16.101610,0x3034D6EF;
	  f far_plane = 1.100000;
	  x guid = 0x007E853D;
	  f horizontal_meters = 4.000000;
	  f lod = 1.000000;
	  f near_plane = 0.100000;
		texture = Art\Bitmaps\Decals\b_d_jng01-a.%img%;
	  f vertical_meters = 4.000000;
	}
	[t:decal,n:*]
	{
		decal_orientation = 0.928477,-0.045629,-0.368577,0.000000,0.992424,-0.122859,0.371390,0.114072,0.921443;
		decal_origin = -18.203197,3.423764,-15.960031,0x3034D6EF;
	  f far_plane = 1.100000;
	  x guid = 0x4738DD1D;
	  f horizontal_meters = 4.000000;
	  f lod = 1.000000;
	  f near_plane = 0.100000;
		texture = Art\Bitmaps\Decals\b_d_jng01-a.%img%;
	  f vertical_meters = 4.000000;
	}
	[t:decal,n:*]
	{
		decal_orientation = 0.980581,0.006407,0.196011,0.000000,0.999466,-0.032669,-0.196116,0.032034,0.980057;
		decal_origin = -19.377604,0.569942,-16.125830,0x3034D6EF;
	  f far_plane = 1.100000;
	  x guid = 0x44ADA4DF;
	  f horizontal_meters = 4.000000;
	  f lod = 1.000000;
	  f near_plane = 0.100000;
		texture = Art\Bitmaps\Decals\b_d_jng01-a.%img%;
	  f vertical_meters = 4.000000;
	}
	[t:decal,n:*]
	{
		decal_orientation = 0.980581,0.009604,0.195881,0.000000,0.998800,-0.048970,-0.196116,0.048019,0.979404;
		decal_origin = -19.355232,-1.420833,-16.221025,0x3034D6EF;
	  f far_plane = 1.100000;
	  x guid = 0xE2A7389D;
	  f horizontal_meters = 4.000000;
	  f lod = 1.000000;
	  f near_plane = 0.100000;
		texture = Art\Bitmaps\Decals\b_d_jng01-a.%img%;
	  f vertical_meters = 4.000000;
	}
	[t:decal,n:*]
	{
		decal_orientation = 0.998752,0.005780,0.049602,0.000000,0.993280,-0.115738,-0.049938,0.115594,0.992040;
		decal_origin = -19.194996,-8.238097,-16.721888,0x3034D6EF;
	  f far_plane = 1.100000;
	  x guid = 0x5D24E789;
	  f horizontal_meters = 4.000000;
	  f lod = 1.000000;
	  f near_plane = 0.100000;
		texture = Art\Bitmaps\Decals\b_d_jng01-a.%img%;
	  f vertical_meters = 4.000000;
	}
	[t:decal,n:*]
	{
		decal_orientation = 1.000000,0.000000,0.000000,0.000000,0.967075,-0.254493,0.000000,0.254493,0.967075;
		decal_origin = -18.706902,9.276854,-15.448033,0x3034D6EF;
	  f far_plane = 1.100000;
	  x guid = 0x7354A1F4;
	  f horizontal_meters = 4.000000;
	  f lod = 1.000000;
	  f near_plane = 0.100000;
		texture = Art\Bitmaps\Decals\b_d_jng01-a.%img%;
	  f vertical_meters = 4.000000;
	}
	[t:decal,n:*]
	{
		decal_orientation = 0.000000,-0.982338,-0.187113,0.000000,0.187113,-0.982338,1.000000,0.000000,0.000000;
		decal_origin = -3.784423,12.976913,-2.379030,0xC430D64C;
	  f far_plane = 1.100000;
	  x guid = 0x1D4218D2;
	  f horizontal_meters = 4.000000;
	  f lod = 1.000000;
	  f near_plane = 0.100000;
		texture = Art\Bitmaps\Decals\b_d_jng01-a.%img%;
	  f vertical_meters = 4.000000;
	}
	[t:decal,n:*]
	{
		decal_orientation = 0.974858,0.042642,0.218707,0.000000,0.981518,-0.191368,-0.222825,0.186557,0.956841;
		decal_origin = 3.745041,9.108322,-4.565164,0xC430D64C;
	  f far_plane = 1.100000;
	  x guid = 0xDFD7053C;
	  f horizontal_meters = 4.000000;
	  f lod = 1.000000;
	  f near_plane = 0.100000;
		texture = Art\Bitmaps\Decals\b_d_jng01-a.%img%;
	  f vertical_meters = 4.000000;
	}
	[t:decal,n:*]
	{
		decal_orientation = 0.974858,0.042642,0.218707,0.000000,0.981518,-0.191368,-0.222825,0.186557,0.956841;
		decal_origin = 3.459729,11.504059,-4.020802,0xC430D64C;
	  f far_plane = 1.100000;
	  x guid = 0x555A9115;
	  f horizontal_meters = 4.000000;
	  f lod = 1.000000;
	  f near_plane = 0.100000;
		texture = Art\Bitmaps\Decals\b_d_jng01-a.%img%;
	  f vertical_meters = 4.000000;
	}
	[t:decal,n:*]
	{
		decal_orientation = 0.000000,0.982338,0.187113,0.000000,0.187113,-0.982338,-1.000000,0.000000,0.000000;
		decal_origin = 3.511598,12.924950,-2.695334,0xC430D64C;
	  f far_plane = 1.100000;
	  x guid = 0xAB70BD5D;
	  f horizontal_meters = 4.000000;
	  f lod = 1.000000;
	  f near_plane = 0.100000;
		texture = Art\Bitmaps\Decals\b_d_jng01-a.%img%;
	  f vertical_meters = 4.000000;
	}
	[t:decal,n:*]
	{
		decal_orientation = 0.902861,-0.019389,-0.429496,0.000000,0.998983,-0.045097,0.429934,0.040716,0.901942;
		decal_origin = 4.387846,-3.907789,-5.319420,0xC430D64C;
	  f far_plane = 1.100000;
	  x guid = 0x07A73180;
	  f horizontal_meters = 4.000000;
	  f lod = 1.000000;
	  f near_plane = 0.100000;
		texture = Art\Bitmaps\Decals\b_d_jng01-a.%img%;
	  f vertical_meters = 4.000000;
	}
	[t:decal,n:*]
	{
		decal_orientation = 0.902861,-0.015586,-0.429651,0.000000,0.999343,-0.036252,0.429934,0.032730,0.902267;
		decal_origin = 4.282537,-6.226292,-5.482868,0xC430D64C;
	  f far_plane = 1.100000;
	  x guid = 0x6B01EE4B;
	  f horizontal_meters = 4.000000;
	  f lod = 1.000000;
	  f near_plane = 0.100000;
		texture = Art\Bitmaps\Decals\b_d_jng01-a.%img%;
	  f vertical_meters = 4.000000;
	}
	[t:decal,n:*]
	{
		decal_orientation = 0.964887,-0.029383,-0.261015,0.000000,0.993724,-0.111864,0.262664,0.107936,0.958831;
		decal_origin = 4.237314,-10.739228,-6.031246,0xC430D64C;
	  f far_plane = 1.100000;
	  x guid = 0x8B361F03;
	  f horizontal_meters = 4.000000;
	  f lod = 1.000000;
	  f near_plane = 0.100000;
		texture = Art\Bitmaps\Decals\b_d_jng01-a.%img%;
	  f vertical_meters = 4.000000;
	}
	[t:decal,n:*]
	{
		decal_orientation = 0.000000,-1.000000,0.000000,0.000000,0.000000,-1.000000,1.000000,0.000000,0.000000;
		decal_origin = -3.784957,-11.000001,-5.646523,0xC430D64C;
	  f far_plane = 1.100000;
	  x guid = 0xA6169BA9;
	  f horizontal_meters = 4.000000;
	  f lod = 1.000000;
	  f near_plane = 0.100000;
		texture = Art\Bitmaps\Decals\b_d_jng01-a.%img%;
	  f vertical_meters = 4.000000;
	}
	[t:decal,n:*]
	{
		decal_orientation = 0.993404,0.013202,0.113908,0.000000,0.993351,-0.115126,-0.114671,0.114367,0.986798;
		decal_origin = -4.016253,-10.605143,-6.048768,0xC430D64C;
	  f far_plane = 1.100000;
	  x guid = 0x1DA1C0ED;
	  f horizontal_meters = 4.000000;
	  f lod = 1.000000;
	  f near_plane = 0.100000;
		texture = Art\Bitmaps\Decals\b_d_jng01-a.%img%;
	  f vertical_meters = 4.000000;
	}
	[t:decal,n:*]
	{
		decal_orientation = 0.993404,0.013202,0.113908,0.000000,0.993351,-0.115126,-0.114671,0.114367,0.986798;
		decal_origin = -4.066513,-8.532381,-5.801145,0xC430D64C;
	  f far_plane = 1.100000;
	  x guid = 0xFACEB6B0;
	  f horizontal_meters = 4.000000;
	  f lod = 1.000000;
	  f near_plane = 0.100000;
		texture = Art\Bitmaps\Decals\b_d_jng01-a.%img%;
	  f vertical_meters = 4.000000;
	}
	[t:decal,n:*]
	{
		decal_orientation = 0.995037,0.004944,0.099381,0.000000,0.998765,-0.049690,-0.099504,0.049444,0.993808;
		decal_origin = -4.032838,-4.647369,-5.435317,0xC430D64C;
	  f far_plane = 1.100000;
	  x guid = 0x18F2091E;
	  f horizontal_meters = 4.000000;
	  f lod = 1.000000;
	  f near_plane = 0.100000;
		texture = Art\Bitmaps\Decals\b_d_jng01-a.%img%;
	  f vertical_meters = 4.000000;
	}
	[t:decal,n:*]
	{
		decal_orientation = 0.995037,0.004944,0.099381,0.000000,0.998765,-0.049690,-0.099504,0.049444,0.993808;
		decal_origin = -3.986175,-2.689699,-5.342099,0xC430D64C;
	  f far_plane = 1.100000;
	  x guid = 0xA807F0C2;
	  f horizontal_meters = 4.000000;
	  f lod = 1.000000;
	  f near_plane = 0.100000;
		texture = Art\Bitmaps\Decals\b_d_jng01-a.%img%;
	  f vertical_meters = 4.000000;
	}
	[t:decal,n:*]
	{
		decal_orientation = 0.995037,0.004944,0.099381,0.000000,0.998765,-0.049690,-0.099504,0.049444,0.993808;
		decal_origin = -4.091808,-0.822834,-5.238193,0xC430D64C;
	  f far_plane = 1.100000;
	  x guid = 0xA48D08CE;
	  f horizontal_meters = 4.000000;
	  f lod = 1.000000;
	  f near_plane = 0.100000;
		texture = Art\Bitmaps\Decals\b_d_jng01-a.%img%;
	  f vertical_meters = 4.000000;
	}
	[t:decal,n:*]
	{
		decal_orientation = 0.995037,0.003299,0.099449,0.000000,0.999450,-0.033150,-0.099504,0.032985,0.994490;
		decal_origin = -4.051122,4.671945,-5.044696,0xC430D64C;
	  f far_plane = 1.100000;
	  x guid = 0xD66C66DA;
	  f horizontal_meters = 4.000000;
	  f lod = 1.000000;
	  f near_plane = 0.100000;
		texture = Art\Bitmaps\Decals\b_d_jng01-a.%img%;
	  f vertical_meters = 4.000000;
	}
	[t:decal,n:*]
	{
		decal_orientation = 0.974858,-0.042642,-0.218707,0.000000,0.981518,-0.191368,0.222825,0.186557,0.956841;
		decal_origin = -3.322185,11.237740,-4.042628,0xC430D64C;
	  f far_plane = 1.100000;
	  x guid = 0x0358330A;
	  f horizontal_meters = 4.000000;
	  f lod = 1.000000;
	  f near_plane = 0.100000;
		texture = Art\Bitmaps\Decals\b_d_jng01-a.%img%;
	  f vertical_meters = 4.000000;
	}
	[t:decal,n:*]
	{
		decal_orientation = 0.000000,-1.000000,0.000000,0.000000,0.000000,-1.000000,1.000000,0.000000,0.000000;
		decal_origin = -1.861864,1.000000,1.970755,0x8908CB4C;
	  f far_plane = 1.100000;
	  x guid = 0xA61C75ED;
	  f horizontal_meters = 4.000000;
	  f lod = 1.000000;
	  f near_plane = 0.100000;
		texture = Art\Bitmaps\Decals\b_d_jng01-a.%img%;
	  f vertical_meters = 4.000000;
	}
	[t:decal,n:*]
	{
		decal_orientation = 0.000000,-1.000000,0.000000,0.000000,0.000000,-1.000000,1.000000,0.000000,0.000000;
		decal_origin = -1.610367,1.000002,0.047634,0x8908CB4C;
	  f far_plane = 1.100000;
	  x guid = 0x86A6D04B;
	  f horizontal_meters = 4.000000;
	  f lod = 1.000000;
	  f near_plane = 0.100000;
		texture = Art\Bitmaps\Decals\b_d_jng01-a.%img%;
	  f vertical_meters = 4.000000;
	}
	[t:decal,n:*]
	{
		decal_orientation = 0.000000,-1.000000,0.000000,0.000000,0.000000,-1.000000,1.000000,0.000000,0.000000;
		decal_origin = -1.626160,1.000000,-1.848573,0x8908CB4C;
	  f far_plane = 1.100000;
	  x guid = 0xD6982724;
	  f horizontal_meters = 4.000000;
	  f lod = 1.000000;
	  f near_plane = 0.100000;
		texture = Art\Bitmaps\Decals\b_d_jng01-a.%img%;
	  f vertical_meters = 4.000000;
	}
	[t:decal,n:*]
	{
		decal_orientation = 0.707107,-0.707107,0.000000,0.000000,0.000000,-1.000000,0.707107,0.707107,0.000000;
		decal_origin = 0.386258,1.000000,-0.631727,0x8908CB4C;
	  f far_plane = 1.100000;
	  x guid = 0xAAF8426F;
	  f horizontal_meters = 4.000000;
	  f lod = 1.000000;
	  f near_plane = 0.100000;
		texture = Art\Bitmaps\Decals\b_d_jng01-a.%img%;
	  f vertical_meters = 4.000000;
	}
	[t:decal,n:*]
	{
		decal_orientation = 0.000000,-0.997199,-0.074790,0.000000,0.074790,-0.997199,1.000000,0.000000,0.000000;
		decal_origin = -0.066747,0.957816,-1.229804,0x1BA3C257;
	  f far_plane = 1.100000;
	  x guid = 0xC9126BF2;
	  f horizontal_meters = 4.000000;
	  f lod = 1.000000;
	  f near_plane = 0.100000;
		texture = Art\Bitmaps\Decals\b_d_jng01-a.%img%;
	  f vertical_meters = 4.000000;
	}
	[t:decal,n:*]
	{
		decal_orientation = 1.000000,0.000000,0.000000,0.000000,0.074790,-0.997199,0.000000,0.997199,0.074790;
		decal_origin = -2.366560,0.991637,-1.482294,0x1BA3C257;
	  f far_plane = 1.100000;
	  x guid = 0xB055AF1E;
	  f horizontal_meters = 4.000000;
	  f lod = 1.000000;
	  f near_plane = 0.100000;
		texture = Art\Bitmaps\Decals\b_d_jng01-a.%img%;
	  f vertical_meters = 4.000000;
	}
	[t:decal,n:*]
	{
		decal_orientation = 0.000000,-1.000000,0.000000,0.000000,0.000000,-1.000000,1.000000,0.000000,0.000000;
		decal_origin = -5.361452,0.950001,-1.978571,0x1BA3C257;
	  f far_plane = 1.100000;
	  x guid = 0xB736B0A8;
	  f horizontal_meters = 4.000000;
	  f lod = 1.000000;
	  f near_plane = 0.100000;
		texture = Art\Bitmaps\Decals\b_d_jng01-a.%img%;
	  f vertical_meters = 4.000000;
	}
	[t:decal,n:*]
	{
		decal_orientation = 0.000000,-1.000000,0.000000,0.000000,0.000000,-1.000000,1.000000,0.000000,0.000000;
		decal_origin = -0.878924,1.000000,1.223567,0x3FEB5F95;
	  f far_plane = 1.100000;
	  x guid = 0x3932F06B;
	  f horizontal_meters = 4.000000;
	  f lod = 1.000000;
	  f near_plane = 0.100000;
		texture = Art\Bitmaps\Decals\b_d_jng01-a.%img%;
	  f vertical_meters = 4.000000;
	}
	[t:decal,n:*]
	{
		decal_orientation = 0.000000,-1.000000,0.000000,0.000000,0.000000,-1.000000,1.000000,0.000000,0.000000;
		decal_origin = 0.318953,1.000000,-0.762980,0x3FEB5F95;
	  f far_plane = 1.100000;
	  x guid = 0x2EA184BC;
	  f horizontal_meters = 4.000000;
	  f lod = 1.000000;
	  f near_plane = 0.100000;
		texture = Art\Bitmaps\Decals\b_d_jng01-a.%img%;
	  f vertical_meters = 4.000000;
	}
	[t:decal,n:*]
	{
		decal_orientation = 0.000000,-1.000000,0.000000,0.000000,0.000000,-1.000000,1.000000,0.000000,0.000000;
		decal_origin = 1.348257,1.000000,1.177040,0x3FEB5F95;
	  f far_plane = 1.100000;
	  x guid = 0xD5FC5858;
	  f horizontal_meters = 4.000000;
	  f lod = 1.000000;
	  f near_plane = 0.100000;
		texture = Art\Bitmaps\Decals\b_d_jng01-a.%img%;
	  f vertical_meters = 4.000000;
	}
	[t:decal,n:*]
	{
		decal_orientation = 0.000000,-1.000000,0.000000,0.000000,0.000000,-1.000000,1.000000,0.000000,0.000000;
		decal_origin = -0.823243,1.000000,1.352322,0x57A630CA;
	  f far_plane = 1.100000;
	  x guid = 0x60774037;
	  f horizontal_meters = 4.000000;
	  f lod = 1.000000;
	  f near_plane = 0.100000;
		texture = Art\Bitmaps\Decals\b_d_jng01-a.%img%;
	  f vertical_meters = 4.000000;
	}
	[t:decal,n:*]
	{
		decal_orientation = 0.000000,-1.000000,0.000000,0.000000,0.000000,-1.000000,1.000000,0.000000,0.000000;
		decal_origin = 0.658962,1.000000,-0.538337,0x57A630CA;
	  f far_plane = 1.100000;
	  x guid = 0x3A0A3239;
	  f horizontal_meters = 4.000000;
	  f lod = 1.000000;
	  f near_plane = 0.100000;
		texture = Art\Bitmaps\Decals\b_d_jng01-a.%img%;
	  f vertical_meters = 4.000000;
	}
	[t:decal,n:*]
	{
		decal_orientation = 0.000000,-1.000000,0.000000,0.000000,0.000000,-1.000000,1.000000,0.000000,0.000000;
		decal_origin = 1.375643,1.000000,1.619579,0x57A630CA;
	  f far_plane = 1.100000;
	  x guid = 0xECA6D15F;
	  f horizontal_meters = 4.000000;
	  f lod = 1.000000;
	  f near_plane = 0.100000;
		texture = Art\Bitmaps\Decals\b_d_jng01-a.%img%;
	  f vertical_meters = 4.000000;
	}
	[t:decal,n:*]
	{
		decal_orientation = 0.000000,-1.000000,0.000000,0.000000,0.000000,-1.000000,1.000000,0.000000,0.000000;
		decal_origin = 1.852168,1.000000,-1.872344,0x57A630CA;
	  f far_plane = 1.100000;
	  x guid = 0x645397C5;
	  f horizontal_meters = 4.000000;
	  f lod = 1.000000;
	  f near_plane = 0.100000;
		texture = Art\Bitmaps\Decals\b_d_jng01-a.%img%;
	  f vertical_meters = 4.000000;
	}
	[t:decal,n:*]
	{
		decal_orientation = 0.000000,-1.000000,0.000000,0.000000,0.000000,-1.000000,1.000000,0.000000,0.000000;
		decal_origin = 1.395212,1.000000,1.115217,0x5A32EE07;
	  f far_plane = 1.100000;
	  x guid = 0xE4AE9102;
	  f horizontal_meters = 4.000000;
	  f lod = 1.000000;
	  f near_plane = 0.100000;
		texture = Art\Bitmaps\Decals\b_d_jng01-a.%img%;
	  f vertical_meters = 4.000000;
	}
	[t:decal,n:*]
	{
		decal_orientation = 0.000000,-1.000000,0.000000,0.000000,0.000000,-1.000000,1.000000,0.000000,0.000000;
		decal_origin = 1.193187,1.000002,-0.797894,0x5A32EE07;
	  f far_plane = 1.100000;
	  x guid = 0xDBC28282;
	  f horizontal_meters = 4.000000;
	  f lod = 1.000000;
	  f near_plane = 0.100000;
		texture = Art\Bitmaps\Decals\b_d_jng01-a.%img%;
	  f vertical_meters = 4.000000;
	}
	[t:decal,n:*]
	{
		decal_orientation = 0.000000,-1.000000,0.000000,0.000000,0.000000,-1.000000,1.000000,0.000000,0.000000;
		decal_origin = -0.956331,1.000002,0.917767,0x5A32EE07;
	  f far_plane = 1.100000;
	  x guid = 0x8FBFC839;
	  f horizontal_meters = 4.000000;
	  f lod = 1.000000;
	  f near_plane = 0.100000;
		texture = Art\Bitmaps\Decals\b_d_jng01-a.%img%;
	  f vertical_meters = 4.000000;
	}
	[t:decal,n:*]
	{
		decal_orientation = 0.000000,-1.000000,0.000000,0.000000,0.000000,-1.000000,1.000000,0.000000,0.000000;
		decal_origin = 0.692182,1.000000,-1.269985,0xCCF2FFA2;
	  f far_plane = 1.100000;
	  x guid = 0x73FC31C8;
	  f horizontal_meters = 4.000000;
	  f lod = 1.000000;
	  f near_plane = 0.100000;
		texture = Art\Bitmaps\Decals\b_d_jng01-a.%img%;
	  f vertical_meters = 4.000000;
	}
	[t:decal,n:*]
	{
		decal_orientation = 0.000000,-1.000000,0.000000,0.000000,0.000000,-1.000000,1.000000,0.000000,0.000000;
		decal_origin = -1.145848,0.999998,-1.937385,0xCCF2FFA2;
	  f far_plane = 1.100000;
	  x guid = 0x33279EF1;
	  f horizontal_meters = 4.000000;
	  f lod = 1.000000;
	  f near_plane = 0.100000;
		texture = Art\Bitmaps\Decals\b_d_jng01-a.%img%;
	  f vertical_meters = 4.000000;
	}
	[t:decal,n:*]
	{
		decal_orientation = 0.000000,-1.000000,0.000000,0.000000,0.000000,-1.000000,1.000000,0.000000,0.000000;
		decal_origin = 1.090315,0.950001,-0.860026,0xEF93C3D5;
	  f far_plane = 1.100000;
	  x guid = 0x3EA1076E;
	  f horizontal_meters = 4.000000;
	  f lod = 1.000000;
	  f near_plane = 0.100000;
		texture = Art\Bitmaps\Decals\b_d_jng01-a.%img%;
	  f vertical_meters = 4.000000;
	}
	[t:decal,n:*]
	{
		decal_orientation = 0.000000,-1.000000,0.000000,0.000000,0.000000,-1.000000,1.000000,0.000000,0.000000;
		decal_origin = 0.790695,0.949999,1.068990,0xEF93C3D5;
	  f far_plane = 1.100000;
	  x guid = 0x81591719;
	  f horizontal_meters = 4.000000;
	  f lod = 1.000000;
	  f near_plane = 0.100000;
		texture = Art\Bitmaps\Decals\b_d_jng01-a.%img%;
	  f vertical_meters = 4.000000;
	}
	[t:decal,n:*]
	{
		decal_orientation = 1.000000,0.000000,0.000000,0.000000,0.074790,-0.997199,0.000000,0.997199,0.074790;
		decal_origin = -1.167593,0.995361,-1.432653,0xEF93C3D5;
	  f far_plane = 1.100000;
	  x guid = 0x88ABB3EE;
	  f horizontal_meters = 4.000000;
	  f lod = 1.000000;
	  f near_plane = 0.100000;
		texture = Art\Bitmaps\Decals\b_d_jng01-a.%img%;
	  f vertical_meters = 4.000000;
	}
	[t:decal,n:*]
	{
		decal_orientation = 0.707107,0.706114,0.037447,0.000000,0.052959,-0.998597,-0.707107,0.706115,0.037447;
		decal_origin = -3.565005,0.996071,-1.243857,0xEF93C3D5;
	  f far_plane = 1.100000;
	  x guid = 0xA78A46B1;
