[decals]
{
	[t:decal,n:*]
	{
		decal_orientation = 0.000000,0.000000,0.000000,0.000000,0.000000,0.000000,0.000000,0.000000,0.000000;
		decal_origin = -0.233337,1.838190,-1.284775,0x8BD0760E;
	  f far_plane = 3.000000;
	  x guid = 0x2BA16147;
	  f horizontal_meters = 10.909091;
	  f lod = 1.000000;
	  f near_plane = 0.100000;
		texture = art\bitmaps\decals\b_d_jng01-a.%img%;
	  f vertical_meters = 10.909091;
	}
	[t:decal,n:*]
	{
		decal_orientation = 0.000000,-1.000000,0.000000,0.000000,0.000000,-1.000000,1.000000,0.000000,0.000000;
		decal_origin = -0.233337,1.838190,-1.284775,0x8BD0760E;
	  f far_plane = 3.000000;
	  x guid = 0x2BA16147;
	  f horizontal_meters = 10.909091;
	  f lod = 1.000000;
	  f near_plane = 0.100000;
		texture = art\bitmaps\decals\b_d_jng01-a.%img%;
	  f vertical_meters = 10.909091;
	}
	[t:decal,n:*]
	{
		decal_orientation = 0.000000,0.000000,0.000000,0.000000,0.000000,0.000000,0.000000,0.000000,0.000000;
		decal_origin = 2.399643,3.380630,0.652685,0x91E1F7D6;
	  f far_plane = 5.100000;
	  x guid = 0x481F08FC;
	  f horizontal_meters = 18.545454;
	  f lod = 1.000000;
	  f near_plane = 0.100000;
		texture = art\bitmaps\decals\b_d_jng01-path.%img%;
	  f vertical_meters = 18.545454;
	}
	[t:decal,n:*]
	{
		decal_orientation = 0.000000,0.000000,0.000000,0.000000,0.000000,0.000000,0.000000,0.000000,0.000000;
		decal_origin = -2.012726,1.464228,0.242996,0x9D5B5FEB;
	  f far_plane = 3.100000;
	  x guid = 0x0B87EE2E;
	  f horizontal_meters = 11.272727;
	  f lod = 1.000000;
	  f near_plane = 0.100000;
		texture = art\bitmaps\decals\b_d_jng01-a.%img%;
	  f vertical_meters = 11.272727;
	}
	[t:decal,n:*]
	{
		decal_orientation = 0.000000,-1.000000,0.000000,0.000000,0.000000,-1.000000,1.000000,0.000000,0.000000;
		decal_origin = -2.012726,1.464228,0.242996,0x9D5B5FEB;
	  f far_plane = 3.100000;
	  x guid = 0x0B87EE2E;
	  f horizontal_meters = 11.272727;
	  f lod = 1.000000;
	  f near_plane = 0.100000;
		texture = art\bitmaps\decals\b_d_jng01-a.%img%;
	  f vertical_meters = 11.272727;
	}
	[t:decal,n:*]
	{
		decal_orientation = 0.000000,0.000000,0.000000,0.000000,0.000000,0.000000,0.000000,0.000000,0.000000;
		decal_origin = -0.199035,1.090513,-0.582794,0xCEA338EE;
	  f far_plane = 3.100000;
	  x guid = 0x94D71CCF;
	  f horizontal_meters = 11.272727;
	  f lod = 1.000000;
	  f near_plane = 0.100000;
		texture = art\bitmaps\decals\b_d_jng01-a.%img%;
	  f vertical_meters = 11.272727;
	}
	[t:decal,n:*]
	{
		decal_orientation = 0.000000,-1.000000,0.000000,0.000000,0.000000,-1.000000,1.000000,0.000000,0.000000;
		decal_origin = -0.199035,1.090513,-0.582794,0xCEA338EE;
	  f far_plane = 3.100000;
	  x guid = 0x94D71CCF;
	  f horizontal_meters = 11.272727;
	  f lod = 1.000000;
	  f near_plane = 0.100000;
		texture = art\bitmaps\decals\b_d_jng01-a.%img%;
	  f vertical_meters = 11.272727;
	}
	[t:decal,n:*]
	{
		decal_orientation = 0.000000,-1.000000,0.000000,0.000000,0.000000,-1.000000,1.000000,0.000000,0.000000;
		decal_origin = -3.268641,0.999999,-1.044045,0xDEFB7A24;
	  f far_plane = 1.100000;
	  x guid = 0x0B087963;
	  f horizontal_meters = 4.000000;
	  f lod = 1.000000;
	  f near_plane = 0.100000;
		texture = art\bitmaps\decals\b_d_jng01-path.%img%;
	  f vertical_meters = 4.000000;
	}
	[t:decal,n:*]
	{
		decal_orientation = 0.000000,-1.000000,0.000000,0.000000,0.000000,-1.000000,1.000000,0.000000,0.000000;
		decal_origin = 2.984099,1.000001,-1.406043,0xFB8D558A;
	  f far_plane = 1.100000;
	  x guid = 0xFAD22881;
	  f horizontal_meters = 4.000000;
	  f lod = 1.000000;
	  f near_plane = 0.100000;
		texture = art\bitmaps\decals\b_d_jng01-path.%img%;
	  f vertical_meters = 4.000000;
	}
	[t:decal,n:*]
	{
		decal_orientation = 0.000000,-1.000000,0.000000,0.000000,0.000000,-1.000000,1.000000,0.000000,0.000000;
		decal_origin = -3.658808,0.999999,0.336894,0x992A7D04;
	  f far_plane = 1.100000;
	  x guid = 0x32AF72CC;
	  f horizontal_meters = 4.000000;
	  f lod = 1.000000;
	  f near_plane = 0.100000;
		texture = art\bitmaps\decals\b_d_jng01-path.%img%;
	  f vertical_meters = 4.000000;
	}
	[t:decal,n:*]
	{
		decal_orientation = 0.000000,-0.997199,-0.074790,0.000000,0.074790,-0.997199,1.000000,0.000000,0.000000;
		decal_origin = -0.108074,0.960914,0.896701,0xE2BE9C8D;
	  f far_plane = 1.100000;
	  x guid = 0xF4E3B466;
	  f horizontal_meters = 4.000000;
	  f lod = 1.000000;
	  f near_plane = 0.100000;
		texture = art\bitmaps\decals\b_d_jng01-a.%img%;
	  f vertical_meters = 4.000000;
	}
	[t:decal,n:*]
	{
		decal_orientation = -0.707107,0.706114,0.037447,0.000000,0.052959,-0.998597,-0.707107,-0.706115,-0.037447;
		decal_origin = -2.460680,1.074196,0.264894,0xE2BE9C8D;
	  f far_plane = 1.100000;
	  x guid = 0xD4E2C5EC;
	  f horizontal_meters = 4.000000;
	  f lod = 1.000000;
	  f near_plane = 0.100000;
		texture = art\bitmaps\decals\b_d_jng01-a.%img%;
	  f vertical_meters = 4.000000;
	}
	[t:decal,n:*]
	{
		decal_orientation = 0.707107,0.706114,0.037447,0.000000,0.052959,-0.998597,-0.707107,0.706115,0.037447;
		decal_origin = -4.597205,0.976220,-0.741104,0xE2BE9C8D;
	  f far_plane = 1.100000;
	  x guid = 0x245B40C6;
	  f horizontal_meters = 4.000000;
	  f lod = 1.000000;
	  f near_plane = 0.100000;
		texture = art\bitmaps\decals\b_d_jng01-a.%img%;
	  f vertical_meters = 4.000000;
	}
	[t:decal,n:*]
	{
		decal_orientation = 0.000000,-1.000000,0.000000,0.000000,0.000000,-1.000000,1.000000,0.000000,0.000000;
		decal_origin = -5.288020,0.950001,1.516004,0xE2BE9C8D;
	  f far_plane = 1.100000;
	  x guid = 0xB17ACA39;
	  f horizontal_meters = 4.000000;
	  f lod = 1.000000;
	  f near_plane = 0.100000;
		texture = art\bitmaps\decals\b_d_jng01-a.%img%;
	  f vertical_meters = 4.000000;
	}
	[t:decal,n:*]
	{
		decal_orientation = 0.000000,-1.000000,0.000000,0.000000,0.000000,-1.000000,1.000000,0.000000,0.000000;
		decal_origin = 0.524285,1.000000,0.051491,0xCB225369;
	  f far_plane = 1.100000;
	  x guid = 0x13F05876;
	  f horizontal_meters = 4.000000;
	  f lod = 1.000000;
	  f near_plane = 0.100000;
		texture = art\bitmaps\decals\b_d_jng01-a.%img%;
	  f vertical_meters = 4.000000;
	}
	[t:decal,n:*]
	{
		decal_orientation = 0.000000,-1.000000,0.000000,0.000000,0.000000,-1.000000,1.000000,0.000000,0.000000;
		decal_origin = -1.640090,1.000000,1.921693,0xCB225369;
	  f far_plane = 1.100000;
	  x guid = 0x1FA4D928;
	  f horizontal_meters = 4.000000;
	  f lod = 1.000000;
	  f near_plane = 0.100000;
		texture = art\bitmaps\decals\b_d_jng01-a.%img%;
	  f vertical_meters = 4.000000;
	}
	[t:decal,n:*]
	{
		decal_orientation = 0.000000,-1.000000,0.000000,0.000000,0.000000,-1.000000,1.000000,0.000000,0.000000;
		decal_origin = 1.785689,1.000000,1.779238,0xCB225369;
	  f far_plane = 1.100000;
	  x guid = 0x934BC2FE;
	  f horizontal_meters = 4.000000;
	  f lod = 1.000000;
	  f near_plane = 0.100000;
		texture = art\bitmaps\decals\b_d_jng01-a.%img%;
	  f vertical_meters = 4.000000;
	}
	[t:decal,n:*]
	{
		decal_orientation = 0.000000,-1.000000,0.000000,0.000000,0.000000,-1.000000,1.000000,0.000000,0.000000;
		decal_origin = -5.802935,0.950001,1.317025,0xF8000FBA;
	  f far_plane = 1.100000;
	  x guid = 0xD76DDB31;
	  f horizontal_meters = 4.000000;
	  f lod = 1.000000;
	  f near_plane = 0.100000;
		texture = art\bitmaps\decals\b_d_jng01-a.%img%;
	  f vertical_meters = 4.000000;
	}
	[t:decal,n:*]
	{
		decal_orientation = -0.707107,0.706114,0.037447,0.000000,0.052959,-0.998597,-0.707107,-0.706115,-0.037447;
		decal_origin = -4.001113,1.022610,0.100119,0xF8000FBA;
	  f far_plane = 1.100000;
	  x guid = 0x01620042;
	  f horizontal_meters = 4.000000;
	  f lod = 1.000000;
	  f near_plane = 0.100000;
		texture = art\bitmaps\decals\b_d_jng01-a.%img%;
	  f vertical_meters = 4.000000;
	}
	[t:decal,n:*]
	{
		decal_orientation = 1.000000,0.000000,0.000000,0.000000,0.074790,-0.997199,0.000000,0.997199,0.074790;
		decal_origin = -1.898189,1.043395,-0.792223,0xF8000FBA;
	  f far_plane = 1.100000;
	  x guid = 0x3BD49C2C;
	  f horizontal_meters = 4.000000;
	  f lod = 1.000000;
	  f near_plane = 0.100000;
		texture = art\bitmaps\decals\b_d_jng01-a.%img%;
	  f vertical_meters = 4.000000;
	}
	[t:decal,n:*]
	{
		decal_orientation = 0.000000,-1.000000,0.000000,0.000000,0.000000,-1.000000,1.000000,0.000000,0.000000;
		decal_origin = 0.006978,0.950005,-1.295041,0xF8000FBA;
	  f far_plane = 1.100000;
	  x guid = 0x3F5907CD;
	  f horizontal_meters = 4.000000;
	  f lod = 1.000000;
	  f near_plane = 0.100000;
		texture = art\bitmaps\decals\b_d_jng01-a.%img%;
	  f vertical_meters = 4.000000;
	}
	[t:decal,n:*]
	{
		decal_orientation = 0.000000,-1.000000,0.000000,0.000000,0.000000,-1.000000,1.000000,0.000000,0.000000;
		decal_origin = -5.148822,0.950001,-1.662627,0xF8000FBA;
	  f far_plane = 1.100000;
	  x guid = 0x3A27392D;
	  f horizontal_meters = 4.000000;
	  f lod = 1.000000;
	  f near_plane = 0.100000;
		texture = art\bitmaps\decals\b_d_jng01-a.%img%;
	  f vertical_meters = 4.000000;
	}
	[t:decal,n:*]
	{
		decal_orientation = 0.000000,-1.000000,0.000000,0.000000,0.000000,-1.000000,1.000000,0.000000,0.000000;
		decal_origin = -5.878439,0.950001,-1.798536,0xFB37B7AD;
	  f far_plane = 1.100000;
	  x guid = 0x343120D7;
	  f horizontal_meters = 4.000000;
	  f lod = 1.000000;
	  f near_plane = 0.100000;
		texture = art\bitmaps\decals\b_d_jng01-a.%img%;
	  f vertical_meters = 4.000000;
	}
	[t:decal,n:*]
	{
		decal_orientation = 1.000000,0.000000,0.000000,0.000000,0.074790,-0.997199,0.000000,0.997199,0.074790;
		decal_origin = -3.243594,0.991523,-1.483811,0xFB37B7AD;
	  f far_plane = 1.100000;
	  x guid = 0x9F17262E;
	  f horizontal_meters = 4.000000;
	  f lod = 1.000000;
	  f near_plane = 0.100000;
		texture = art\bitmaps\decals\b_d_jng01-a.%img%;
	  f vertical_meters = 4.000000;
	}
	[t:decal,n:*]
	{
		decal_orientation = 0.000000,-0.997199,-0.074790,0.000000,0.074790,-0.997199,1.000000,0.000000,0.000000;
		decal_origin = -0.695360,1.004962,-1.125927,0xFB37B7AD;
	  f far_plane = 1.100000;
	  x guid = 0x7059B1E6;
	  f horizontal_meters = 4.000000;
	  f lod = 1.000000;
	  f near_plane = 0.100000;
		texture = art\bitmaps\decals\b_d_jng01-a.%img%;
	  f vertical_meters = 4.000000;
	}
	[t:decal,n:*]
	{
		decal_orientation = 0.000000,-1.000000,0.000000,0.000000,0.000000,-1.000000,1.000000,0.000000,0.000000;
		decal_origin = -3.938900,1.000000,1.306849,0xCE48BAFC;
	  f far_plane = 1.100000;
	  x guid = 0x14FC93E0;
	  f horizontal_meters = 4.000000;
	  f lod = 1.000000;
	  f near_plane = 0.100000;
		texture = art\bitmaps\decals\b_d_jng01-a.%img%;
	  f vertical_meters = 4.000000;
	}
	[t:decal,n:*]
	{
		decal_orientation = 0.000000,-1.000000,0.000000,0.000000,0.000000,-1.000000,1.000000,0.000000,0.000000;
		decal_origin = 3.748415,1.000000,-1.773289,0x78153D6F;
	  f far_plane = 1.100000;
	  x guid = 0x0B048CDB;
	  f horizontal_meters = 4.000000;
	  f lod = 1.000000;
	  f near_plane = 0.100000;
		texture = art\bitmaps\decals\b_d_jng01-a.%img%;
	  f vertical_meters = 4.000000;
	}
	[t:decal,n:*]
	{
		decal_orientation = 0.000000,-1.000000,0.000000,0.000000,0.000000,-1.000000,1.000000,0.000000,0.000000;
		decal_origin = 1.989804,1.000004,-1.876568,0x78153D6F;
	  f far_plane = 1.100000;
	  x guid = 0x633E93A1;
	  f horizontal_meters = 4.000000;
	  f lod = 1.000000;
	  f near_plane = 0.100000;
		texture = art\bitmaps\decals\b_d_jng01-a.%img%;
	  f vertical_meters = 4.000000;
	}
	[t:decal,n:*]
	{
		decal_orientation = -0.707107,0.706114,0.037447,0.000000,0.052959,-0.998597,-0.707107,-0.706115,-0.037447;
		decal_origin = -4.577570,0.997845,0.184037,0x4BC8CD29;
	  f far_plane = 1.100000;
	  x guid = 0x55610974;
	  f horizontal_meters = 4.000000;
	  f lod = 1.000000;
	  f near_plane = 0.100000;
		texture = art\bitmaps\decals\b_d_jng01-a.%img%;
	  f vertical_meters = 4.000000;
	}
	[t:decal,n:*]
	{
		decal_orientation = 1.000000,0.000000,0.000000,0.000000,0.074790,-0.997199,0.000000,0.997199,0.074790;
		decal_origin = -2.460457,1.052692,-0.668268,0x4BC8CD29;
	  f far_plane = 1.100000;
	  x guid = 0x21963BBC;
	  f horizontal_meters = 4.000000;
	  f lod = 1.000000;
	  f near_plane = 0.100000;
		texture = art\bitmaps\decals\b_d_jng01-a.%img%;
	  f vertical_meters = 4.000000;
	}
	[t:decal,n:*]
	{
		decal_orientation = 0.000000,-0.997199,-0.074790,0.000000,0.074790,-0.997199,1.000000,0.000000,0.000000;
		decal_origin = -0.189714,0.967036,-1.233153,0x4BC8CD29;
	  f far_plane = 1.100000;
	  x guid = 0x15AD2466;
	  f horizontal_meters = 4.000000;
	  f lod = 1.000000;
	  f near_plane = 0.100000;
		texture = art\bitmaps\decals\b_d_jng01-a.%img%;
	  f vertical_meters = 4.000000;
	}
	[t:decal,n:*]
	{
		decal_orientation = 0.000000,-1.000000,0.000000,0.000000,0.000000,-1.000000,1.000000,0.000000,0.000000;
		decal_origin = -4.611744,0.950001,-1.960990,0x4BC8CD29;
	  f far_plane = 1.100000;
	  x guid = 0x6F8B483E;
	  f horizontal_meters = 4.000000;
	  f lod = 1.000000;
	  f near_plane = 0.100000;
		texture = art\bitmaps\decals\b_d_jng01-a.%img%;
	  f vertical_meters = 4.000000;
	}
	[t:decal,n:*]
	{
		decal_orientation = 0.000000,-1.000000,0.000000,0.000000,0.000000,-1.000000,1.000000,0.000000,0.000000;
		decal_origin = 0.145548,1.000000,-0.213319,0x055AF9AF;
	  f far_plane = 1.100000;
	  x guid = 0x04CB80DB;
	  f horizontal_meters = 4.000000;
	  f lod = 1.000000;
	  f near_plane = 0.100000;
		texture = art\bitmaps\decals\b_d_jng01-a.%img%;
	  f vertical_meters = 4.000000;
	}
	[t:decal,n:*]
	{
		decal_orientation = 0.000000,-1.000000,0.000000,0.000000,0.000000,-1.000000,1.000000,0.000000,0.000000;
		decal_origin = -1.659019,1.000000,-1.761749,0x055AF9AF;
	  f far_plane = 1.100000;
	  x guid = 0xE527BD34;
	  f horizontal_meters = 4.000000;
	  f lod = 1.000000;
	  f near_plane = 0.100000;
		texture = art\bitmaps\decals\b_d_jng01-a.%img%;
	  f vertical_meters = 4.000000;
	}
	[t:decal,n:*]
	{
		decal_orientation = 0.000000,-1.000000,0.000000,0.000000,0.000000,-1.000000,1.000000,0.000000,0.000000;
		decal_origin = -1.752194,1.000000,0.990510,0x055AF9AF;
	  f far_plane = 1.100000;
	  x guid = 0x363425BB;
	  f horizontal_meters = 4.000000;
	  f lod = 1.000000;
	  f near_plane = 0.100000;
		texture = art\bitmaps\decals\b_d_jng01-a.%img%;
	  f vertical_meters = 4.000000;
	}
	[t:decal,n:*]
	{
		decal_orientation = 0.000000,-1.000000,0.000000,0.000000,0.000000,-1.000000,1.000000,0.000000,0.000000;
		decal_origin = -5.529907,0.950001,0.523683,0x3BC3756B;
	  f far_plane = 1.100000;
	  x guid = 0xBFF5E8E6;
	  f horizontal_meters = 4.000000;
	  f lod = 1.000000;
	  f near_plane = 0.100000;
		texture = art\bitmaps\decals\b_d_jng01-a.%img%;
	  f vertical_meters = 4.000000;
	}
	[t:decal,n:*]
	{
		decal_orientation = 0.707107,0.706114,0.037447,0.000000,0.052959,-0.998597,-0.707107,0.706115,0.037447;
		decal_origin = -3.466125,1.014794,-0.321159,0x3BC3756B;
	  f far_plane = 1.100000;
	  x guid = 0x8D1DC599;
	  f horizontal_meters = 4.000000;
	  f lod = 1.000000;
	  f near_plane = 0.100000;
		texture = art\bitmaps\decals\b_d_jng01-a.%img%;
	  f vertical_meters = 4.000000;
	}
	[t:decal,n:*]
	{
		decal_orientation = 0.000000,-0.997199,-0.074790,0.000000,0.074790,-0.997199,1.000000,0.000000,0.000000;
		decal_origin = -1.263419,1.047565,-0.605565,0x3BC3756B;
	  f far_plane = 1.100000;
	  x guid = 0x9D46D3F3;
	  f horizontal_meters = 4.000000;
	  f lod = 1.000000;
	  f near_plane = 0.100000;
		texture = art\bitmaps\decals\b_d_jng01-a.%img%;
	  f vertical_meters = 4.000000;
	}
	[t:decal,n:*]
	{
		decal_orientation = 0.000000,-1.000000,0.000000,0.000000,0.000000,-1.000000,1.000000,0.000000,0.000000;
		decal_origin = 0.993081,0.950001,-1.868184,0x3BC3756B;
	  f far_plane = 1.100000;
	  x guid = 0xE43F1F79;
	  f horizontal_meters = 4.000000;
	  f lod = 1.000000;
	  f near_plane = 0.100000;
		texture = art\bitmaps\decals\b_d_jng01-a.%img%;
	  f vertical_meters = 4.000000;
	}
	[t:decal,n:*]
	{
		decal_orientation = 0.000000,-1.000000,0.000000,0.000000,0.000000,-1.000000,1.000000,0.000000,0.000000;
		decal_origin = -3.165176,0.950001,-1.700558,0x3BC3756B;
	  f far_plane = 1.100000;
	  x guid = 0x5896A732;
	  f horizontal_meters = 4.000000;
	  f lod = 1.000000;
	  f near_plane = 0.100000;
		texture = art\bitmaps\decals\b_d_jng01-a.%img%;
	  f vertical_meters = 4.000000;
	}
	[t:decal,n:*]
	{
		decal_orientation = -0.707107,0.706114,0.037447,0.000000,0.052959,-0.998597,-0.707107,-0.706115,-0.037447;
		decal_origin = -4.034899,1.015301,0.261241,0xDFB9E72D;
	  f far_plane = 1.100000;
	  x guid = 0x4E059EC9;
	  f horizontal_meters = 4.000000;
	  f lod = 1.000000;
	  f near_plane = 0.100000;
		texture = art\bitmaps\decals\b_d_jng01-a.%img%;
	  f vertical_meters = 4.000000;
	}
	[t:decal,n:*]
	{
		decal_orientation = 1.000000,0.000000,0.000000,0.000000,0.074790,-0.997199,0.000000,0.997199,0.074790;
		decal_origin = -1.958984,1.029281,-0.623322,0xDFB9E72D;
	  f far_plane = 1.100000;
	  x guid = 0xD3E9784B;
	  f horizontal_meters = 4.000000;
	  f lod = 1.000000;
	  f near_plane = 0.100000;
		texture = art\bitmaps\decals\b_d_jng01-a.%img%;
	  f vertical_meters = 4.000000;
	}
	[t:decal,n:*]
	{
		decal_orientation = 0.000000,-1.000000,0.000000,0.000000,0.000000,-1.000000,1.000000,0.000000,0.000000;
		decal_origin = 0.352955,0.950003,-1.636466,0xDFB9E72D;
	  f far_plane = 1.100000;
	  x guid = 0x5D49AE13;
	  f horizontal_meters = 4.000000;
	  f lod = 1.000000;
	  f near_plane = 0.100000;
		texture = art\bitmaps\decals\b_d_jng01-a.%img%;
	  f vertical_meters = 4.000000;
	}
	[t:decal,n:*]
	{
		decal_orientation = 1.000000,0.000000,0.000000,0.000000,0.074790,-0.997199,0.000000,0.997199,0.074790;
		decal_origin = -2.845892,0.955125,-1.969170,0xDFB9E72D;
	  f far_plane = 1.100000;
	  x guid = 0x4FA8D060;
	  f horizontal_meters = 4.000000;
	  f lod = 1.000000;
	  f near_plane = 0.100000;
		texture = art\bitmaps\decals\b_d_jng01-a.%img%;
	  f vertical_meters = 4.000000;
	}
	[t:decal,n:*]
	{
		decal_orientation = 0.000000,-1.000000,0.000000,0.000000,0.000000,-1.000000,1.000000,0.000000,0.000000;
		decal_origin = -5.291889,0.950003,-1.230474,0xDFB9E72D;
	  f far_plane = 1.100000;
	  x guid = 0xE8FF9426;
	  f horizontal_meters = 4.000000;
	  f lod = 1.000000;
	  f near_plane = 0.100000;
		texture = art\bitmaps\decals\b_d_jng01-a.%img%;
	  f vertical_meters = 4.000000;
	}
	[t:decal,n:*]
	{
		decal_orientation = 0.000000,-1.000000,0.000000,0.000000,0.000000,-1.000000,1.000000,0.000000,0.000000;
		decal_origin = 1.559177,1.000000,1.628971,0x438FBA15;
	  f far_plane = 1.100000;
	  x guid = 0xE41F8895;
	  f horizontal_meters = 4.000000;
	  f lod = 1.000000;
	  f near_plane = 0.100000;
		texture = art\bitmaps\decals\b_d_jng01-a.%img%;
	  f vertical_meters = 4.000000;
	}
	[t:decal,n:*]
	{
		decal_orientation = 0.000000,-1.000000,0.000000,0.000000,0.000000,-1.000000,1.000000,0.000000,0.000000;
		decal_origin = -0.077315,1.000002,0.026288,0x438FBA15;
	  f far_plane = 1.100000;
	  x guid = 0xF482CA63;
	  f horizontal_meters = 4.000000;
	  f lod = 1.000000;
	  f near_plane = 0.100000;
		texture = art\bitmaps\decals\b_d_jng01-a.%img%;
	  f vertical_meters = 4.000000;
	}
	[t:decal,n:*]
	{
		decal_orientation = 0.000000,-1.000000,0.000000,0.000000,0.000000,-1.000000,1.000000,0.000000,0.000000;
		decal_origin = -1.432223,1.000002,-0.763718,0x438FBA15;
	  f far_plane = 1.100000;
	  x guid = 0x0D7A0D1A;
	  f horizontal_meters = 4.000000;
	  f lod = 1.000000;
	  f near_plane = 0.100000;
		texture = art\bitmaps\decals\b_d_jng01-a.%img%;
	  f vertical_meters = 4.000000;
	}
	[t:decal,n:*]
	{
		decal_orientation = 0.000000,-1.000000,0.000000,0.000000,0.000000,-1.000000,1.000000,0.000000,0.000000;
		decal_origin = -1.423512,1.000000,1.551103,0x438FBA15;
	  f far_plane = 1.100000;
	  x guid = 0xDBB58E51;
	  f horizontal_meters = 4.000000;
	  f lod = 1.000000;
	  f near_plane = 0.100000;
		texture = art\bitmaps\decals\b_d_jng01-a.%img%;
	  f vertical_meters = 4.000000;
	}
	[t:decal,n:*]
	{
		decal_orientation = 0.000000,-1.000000,0.000000,0.000000,0.000000,-1.000000,1.000000,0.000000,0.000000;
		decal_origin = 1.518484,1.000002,-0.627354,0xAEDB5C1F;
	  f far_plane = 1.100000;
	  x guid = 0x767BB56B;
	  f horizontal_meters = 4.000000;
	  f lod = 1.000000;
	  f near_plane = 0.100000;
		texture = art\bitmaps\decals\b_d_jng01-a.%img%;
	  f vertical_meters = 4.000000;
	}
	[t:decal,n:*]
	{
		decal_orientation = 0.000000,-1.000000,0.000000,0.000000,0.000000,-1.000000,1.000000,0.000000,0.000000;
		decal_origin = -0.031763,1.000000,0.321090,0xAEDB5C1F;
	  f far_plane = 1.100000;
	  x guid = 0x17FDE0F5;
	  f horizontal_meters = 4.000000;
	  f lod = 1.000000;
	  f near_plane = 0.100000;
		texture = art\bitmaps\decals\b_d_jng01-a.%img%;
	  f vertical_meters = 4.000000;
	}
	[t:decal,n:*]
	{
		decal_orientation = 0.000000,-1.000000,0.000000,0.000000,0.000000,-1.000000,1.000000,0.000000,0.000000;
		decal_origin = 2.278358,1.000000,0.265854,0xA5195F15;
	  f far_plane = 1.100000;
	  x guid = 0x13E7FA38;
	  f horizontal_meters = 2.000000;
	  f lod = 1.000000;
	  f near_plane = 0.100000;
		texture = art\bitmaps\decals\b_d_scorch.%img%;
	  f vertical_meters = 2.000000;
	}
	[t:decal,n:*]
	{
		decal_orientation = 0.000000,-1.000000,0.000000,0.000000,0.000000,-1.000000,1.000000,0.000000,0.000000;
		decal_origin = -5.352830,0.950001,1.029638,0x048BFA15;
	  f far_plane = 1.100000;
	  x guid = 0x6A96E54B;
	  f horizontal_meters = 4.000000;
	  f lod = 1.000000;
	  f near_plane = 0.100000;
		texture = art\bitmaps\decals\b_d_jng01-a.%img%;
	  f vertical_meters = 4.000000;
	}
	[t:decal,n:*]
	{
		decal_orientation = -0.707107,0.706114,0.037447,0.000000,0.052959,-0.998597,-0.707107,-0.706115,-0.037447;
		decal_origin = -3.376241,1.044941,0.129428,0x048BFA15;
	  f far_plane = 1.100000;
	  x guid = 0xF16C4D9D;
	  f horizontal_meters = 4.000000;
	  f lod = 1.000000;
	  f near_plane = 0.100000;
		texture = art\bitmaps\decals\b_d_jng01-a.%img%;
	  f vertical_meters = 4.000000;
	}
	[t:decal,n:*]
	{
		decal_orientation = 1.000000,0.000000,0.000000,0.000000,0.074790,-0.997199,0.000000,0.997199,0.074790;
		decal_origin = -1.169805,1.024944,-1.038179,0x048BFA15;
	  f far_plane = 1.100000;
	  x guid = 0x6BDCBC4C;
	  f horizontal_meters = 4.000000;
	  f lod = 1.000000;
	  f near_plane = 0.100000;
		texture = art\bitmaps\decals\b_d_jng01-a.%img%;
	  f vertical_meters = 4.000000;
	}
	[t:decal,n:*]
	{
		decal_orientation = 0.000000,-1.000000,0.000000,0.000000,0.000000,-1.000000,1.000000,0.000000,0.000000;
		decal_origin = 0.887367,0.950001,-1.626483,0x048BFA15;
	  f far_plane = 1.100000;
	  x guid = 0x9B58532B;
	  f horizontal_meters = 4.000000;
	  f lod = 1.000000;
	  f near_plane = 0.100000;
		texture = art\bitmaps\decals\b_d_jng01-a.%img%;
	  f vertical_meters = 4.000000;
	}
	[t:decal,n:*]
	{
		decal_orientation = 1.000000,0.000000,0.000000,0.000000,0.074790,-0.997199,0.000000,0.997199,0.074790;
		decal_origin = -3.162617,0.989600,-1.509468,0x048BFA15;
	  f far_plane = 1.100000;
	  x guid = 0xF34C27DF;
	  f horizontal_meters = 4.000000;
	  f lod = 1.000000;
	  f near_plane = 0.100000;
		texture = art\bitmaps\decals\b_d_jng01-a.%img%;
	  f vertical_meters = 4.000000;
	}
	[t:decal,n:*]
	{
		decal_orientation = 0.000000,-1.000000,0.000000,0.000000,0.000000,-1.000000,1.000000,0.000000,0.000000;
		decal_origin = -5.472573,0.950003,-1.260983,0x048BFA15;
	  f far_plane = 1.100000;
	  x guid = 0xF9E6F4FD;
	  f horizontal_meters = 4.000000;
	  f lod = 1.000000;
	  f near_plane = 0.100000;
		texture = art\bitmaps\decals\b_d_jng01-a.%img%;
	  f vertical_meters = 4.000000;
	}
	[t:decal,n:*]
	{
		decal_orientation = 0.000000,-1.000000,0.000000,0.000000,0.000000,-1.000000,1.000000,0.000000,0.000000;
		decal_origin = 0.704514,0.950001,1.559857,0xE3B019F4;
	  f far_plane = 1.100000;
	  x guid = 0xBC18077D;
	  f horizontal_meters = 4.000000;
	  f lod = 1.000000;
	  f near_plane = 0.100000;
		texture = art\bitmaps\decals\b_d_jng01-a.%img%;
	  f vertical_meters = 4.000000;
	}
	[t:decal,n:*]
	{
		decal_orientation = -1.000000,0.000000,0.000000,0.000000,0.074790,-0.997199,0.000000,-0.997199,-0.074790;
		decal_origin = -1.414810,0.983651,0.955994,0xE3B019F4;
	  f far_plane = 1.100000;
	  x guid = 0x54C3FDE7;
	  f horizontal_meters = 4.000000;
	  f lod = 1.000000;
	  f near_plane = 0.100000;
		texture = art\bitmaps\decals\b_d_jng01-a.%img%;
	  f vertical_meters = 4.000000;
	}
	[t:decal,n:*]
	{
		decal_orientation = -0.707107,0.706114,0.037447,0.000000,0.052959,-0.998597,-0.707107,-0.706115,-0.037447;
		decal_origin = -3.343947,1.038878,0.323430,0xE3B019F4;
	  f far_plane = 1.100000;
	  x guid = 0x3AF769B2;
	  f horizontal_meters = 4.000000;
	  f lod = 1.000000;
	  f near_plane = 0.100000;
		texture = art\bitmaps\decals\b_d_jng01-a.%img%;
	  f vertical_meters = 4.000000;
	}
	[t:decal,n:*]
	{
		decal_orientation = 0.000000,-1.000000,0.000000,0.000000,0.000000,-1.000000,1.000000,0.000000,0.000000;
		decal_origin = -5.402129,0.950003,-0.864361,0xE3B019F4;
	  f far_plane = 1.100000;
	  x guid = 0x6A65CCDE;
	  f horizontal_meters = 4.000000;
	  f lod = 1.000000;
	  f near_plane = 0.100000;
		texture = art\bitmaps\decals\b_d_jng01-a.%img%;
	  f vertical_meters = 4.000000;
	}
	[t:decal,n:*]
	{
		decal_orientation = 0.000000,-1.000000,0.000000,0.000000,0.000000,-1.000000,1.000000,0.000000,0.000000;
		decal_origin = -5.197742,0.950001,1.468656,0xE3B019F4;
	  f far_plane = 1.100000;
	  x guid = 0xD0A48A64;
	  f horizontal_meters = 4.000000;
	  f lod = 1.000000;
	  f near_plane = 0.100000;
		texture = art\bitmaps\decals\b_d_jng01-a.%img%;
	  f vertical_meters = 4.000000;
	}
	[t:decal,n:*]
	{
		decal_orientation = -0.707107,0.706114,0.037447,0.000000,0.052959,-0.998597,-0.707107,-0.706115,-0.037447;
		decal_origin = -5.547365,0.950167,0.485691,0xB9B93583;
	  f far_plane = 1.100000;
	  x guid = 0xF896101E;
	  f horizontal_meters = 4.000000;
	  f lod = 1.000000;
	  f near_plane = 0.100000;
		texture = art\bitmaps\decals\b_d_jng01-a.%img%;
	  f vertical_meters = 4.000000;
	}
	[t:decal,n:*]
	{
		decal_orientation = 0.000000,-1.000000,0.000000,0.000000,0.000000,-1.000000,1.000000,0.000000,0.000000;
		decal_origin = -4.902497,0.950001,-1.399898,0xB9B93583;
	  f far_plane = 1.100000;
	  x guid = 0x5545934C;
	  f horizontal_meters = 4.000000;
	  f lod = 1.000000;
	  f near_plane = 0.100000;
		texture = art\bitmaps\decals\b_d_jng01-a.%img%;
	  f vertical_meters = 4.000000;
	}
	[t:decal,n:*]
	{
		decal_orientation = -0.707107,0.706114,0.037447,0.000000,0.052959,-0.998597,-0.707107,-0.706115,-0.037447;
		decal_origin = -3.173944,1.048867,0.227080,0xB9B93583;
	  f far_plane = 1.100000;
	  x guid = 0x52CCE177;
	  f horizontal_meters = 4.000000;
	  f lod = 1.000000;
	  f near_plane = 0.100000;
		texture = art\bitmaps\decals\b_d_jng01-a.%img%;
	  f vertical_meters = 4.000000;
	}
	[t:decal,n:*]
	{
		decal_orientation = 1.000000,0.000000,0.000000,0.000000,0.074790,-0.997199,0.000000,0.997199,0.074790;
		decal_origin = -1.833968,1.007957,-1.264687,0xB9B93583;
	  f far_plane = 1.100000;
	  x guid = 0xF204B20F;
	  f horizontal_meters = 4.000000;
	  f lod = 1.000000;
	  f near_plane = 0.100000;
		texture = art\bitmaps\decals\b_d_jng01-a.%img%;
	  f vertical_meters = 4.000000;
	}
	[t:decal,n:*]
	{
		decal_orientation = 0.000000,-1.000000,0.000000,0.000000,0.000000,-1.000000,1.000000,0.000000,0.000000;
		decal_origin = 0.527956,0.950001,-1.549120,0xB9B93583;
	  f far_plane = 1.100000;
	  x guid = 0x1CCA6347;
	  f horizontal_meters = 4.000000;
	  f lod = 1.000000;
	  f near_plane = 0.100000;
		texture = art\bitmaps\decals\b_d_jng01-a.%img%;
	  f vertical_meters = 4.000000;
	}
	[t:decal,n:*]
	{
		decal_orientation = 0.000000,-1.000000,0.000000,0.000000,0.000000,-1.000000,1.000000,0.000000,0.000000;
		decal_origin = 1.213346,1.000002,-1.853943,0xBC3C8970;
	  f far_plane = 1.100000;
	  x guid = 0x0B29C373;
	  f horizontal_meters = 4.000000;
	  f lod = 1.000000;
	  f near_plane = 0.100000;
		texture = art\bitmaps\decals\b_d_jng01-a.%img%;
	  f vertical_meters = 4.000000;
	}
	[t:decal,n:*]
	{
		decal_orientation = 0.000000,-1.000000,0.000000,0.000000,0.000000,-1.000000,1.000000,0.000000,0.000000;
		decal_origin = 0.601548,1.000000,-0.406808,0x47AEBF55;
	  f far_plane = 1.100000;
	  x guid = 0x769B53BC;
	  f horizontal_meters = 4.000000;
	  f lod = 1.000000;
	  f near_plane = 0.100000;
		texture = art\bitmaps\decals\b_d_jng01-a.%img%;
	  f vertical_meters = 4.000000;
	}
	[t:decal,n:*]
	{
		decal_orientation = 0.000000,-1.000000,0.000000,0.000000,0.000000,-1.000000,1.000000,0.000000,0.000000;
		decal_origin = -0.749083,0.999998,1.568519,0x47AEBF55;
	  f far_plane = 1.100000;
	  x guid = 0xDB990F19;
	  f horizontal_meters = 4.000000;
	  f lod = 1.000000;
	  f near_plane = 0.100000;
		texture = art\bitmaps\decals\b_d_jng01-a.%img%;
	  f vertical_meters = 4.000000;
	}
	[t:decal,n:*]
	{
		decal_orientation = 0.000000,-1.000000,0.000000,0.000000,0.000000,-1.000000,1.000000,0.000000,0.000000;
		decal_origin = 1.951270,1.000000,1.219893,0x47AEBF55;
	  f far_plane = 1.100000;
	  x guid = 0x2488EEF0;
	  f horizontal_meters = 4.000000;
	  f lod = 1.000000;
	  f near_plane = 0.100000;
		texture = art\bitmaps\decals\b_d_jng01-a.%img%;
	  f vertical_meters = 4.000000;
	}
	[t:decal,n:*]
	{
		decal_orientation = 0.000000,-1.000000,0.000000,0.000000,0.000000,-1.000000,1.000000,0.000000,0.000000;
		decal_origin = 0.908719,0.999998,1.337137,0x568AEF52;
	  f far_plane = 1.100000;
	  x guid = 0x60DD1B51;
	  f horizontal_meters = 4.000000;
	  f lod = 1.000000;
	  f near_plane = 0.100000;
		texture = art\bitmaps\decals\b_d_jng01-a.%img%;
	  f vertical_meters = 4.000000;
	}
	[t:decal,n:*]
	{
		decal_orientation = 0.000000,-1.000000,0.000000,0.000000,0.000000,-1.000000,1.000000,0.000000,0.000000;
		decal_origin = 0.536443,1.000002,-1.364273,0x568AEF52;
	  f far_plane = 1.100000;
	  x guid = 0xB4E225B1;
	  f horizontal_meters = 4.000000;
	  f lod = 1.000000;
	  f near_plane = 0.100000;
		texture = art\bitmaps\decals\b_d_jng01-a.%img%;
	  f vertical_meters = 4.000000;
	}
	[t:decal,n:*]
	{
		decal_orientation = 0.000000,-1.000000,0.000000,0.000000,0.000000,-1.000000,1.000000,0.000000,0.000000;
		decal_origin = -1.133962,1.000000,0.957597,0x568AEF52;
	  f far_plane = 1.100000;
	  x guid = 0xC277F4A3;
	  f horizontal_meters = 4.000000;
	  f lod = 1.000000;
	  f near_plane = 0.100000;
		texture = art\bitmaps\decals\b_d_jng01-a.%img%;
	  f vertical_meters = 4.000000;
	}
	[t:decal,n:*]
	{
		decal_orientation = 0.000000,-1.000000,0.000000,0.000000,0.000000,-1.000000,1.000000,0.000000,0.000000;
		decal_origin = -4.402256,0.950001,-1.764985,0xF90E7B59;
	  f far_plane = 1.100000;
	  x guid = 0x9B87D3B6;
	  f horizontal_meters = 4.000000;
	  f lod = 1.000000;
	  f near_plane = 0.100000;
		texture = art\bitmaps\decals\b_d_jng01-a.%img%;
	  f vertical_meters = 4.000000;
	}
	[t:decal,n:*]
	{
		decal_orientation = 1.000000,0.000000,0.000000,0.000000,0.074790,-0.997199,0.000000,0.997199,0.074790;
		decal_origin = -2.311971,0.989305,-1.513417,0xF90E7B59;
	  f far_plane = 1.100000;
	  x guid = 0x513C1F2E;
	  f horizontal_meters = 4.000000;
	  f lod = 1.000000;
	  f near_plane = 0.100000;
		texture = art\bitmaps\decals\b_d_jng01-a.%img%;
	  f vertical_meters = 4.000000;
	}
	[t:decal,n:*]
	{
		decal_orientation = 0.000000,-1.000000,0.000000,0.000000,0.000000,-1.000000,1.000000,0.000000,0.000000;
		decal_origin = 0.262226,0.950003,-1.387083,0xF90E7B59;
	  f far_plane = 1.100000;
	  x guid = 0xE02B5D2A;
	  f horizontal_meters = 4.000000;
	  f lod = 1.000000;
	  f near_plane = 0.100000;
		texture = art\bitmaps\decals\b_d_jng01-a.%img%;
	  f vertical_meters = 4.000000;
	}
	[t:decal,n:*]
	{
		decal_orientation = 0.000000,-1.000000,0.000000,0.000000,0.000000,-1.000000,1.000000,0.000000,0.000000;
		decal_origin = -5.816967,0.950003,1.361764,0xCBB9A882;
	  f far_plane = 1.100000;
	  x guid = 0x43EF7EFC;
	  f horizontal_meters = 4.000000;
	  f lod = 1.000000;
	  f near_plane = 0.100000;
		texture = art\bitmaps\decals\b_d_jng01-a.%img%;
	  f vertical_meters = 4.000000;
	}
	[t:decal,n:*]
	{
		decal_orientation = 0.707107,0.706114,0.037447,0.000000,0.052959,-0.998597,-0.707107,0.706115,0.037447;
		decal_origin = -3.733242,1.033217,-0.085126,0xCBB9A882;
	  f far_plane = 1.100000;
	  x guid = 0xAC6E2A14;
	  f horizontal_meters = 4.000000;
	  f lod = 1.000000;
	  f near_plane = 0.100000;
		texture = art\bitmaps\decals\b_d_jng01-a.%img%;
	  f vertical_meters = 4.000000;
	}
	[t:decal,n:*]
	{
		decal_orientation = 1.000000,0.000000,0.000000,0.000000,0.074790,-0.997199,0.000000,0.997199,0.074790;
		decal_origin = -1.440857,1.032544,-0.936840,0xCBB9A882;
	  f far_plane = 1.100000;
	  x guid = 0x3B5433F9;
	  f horizontal_meters = 4.000000;
	  f lod = 1.000000;
	  f near_plane = 0.100000;
		texture = art\bitmaps\decals\b_d_jng01-a.%img%;
	  f vertical_meters = 4.000000;
	}
	[t:decal,n:*]
	{
		decal_orientation = 0.000000,-1.000000,0.000000,0.000000,0.000000,-1.000000,1.000000,0.000000,0.000000;
		decal_origin = 0.696848,0.950001,-1.701532,0xCBB9A882;
	  f far_plane = 1.100000;
	  x guid = 0x59ABE242;
	  f horizontal_meters = 4.000000;
	  f lod = 1.000000;
	  f near_plane = 0.100000;
		texture = art\bitmaps\decals\b_d_jng01-a.%img%;
	  f vertical_meters = 4.000000;
	}
	[t:decal,n:*]
	{
		decal_orientation = 0.707107,0.706114,0.037447,0.000000,0.052959,-0.998597,-0.707107,0.706115,0.037447;
		decal_origin = -4.437812,0.956898,-1.415726,0xCBB9A882;
	  f far_plane = 1.100000;
	  x guid = 0xF4A62EA6;
	  f horizontal_meters = 4.000000;
	  f lod = 1.000000;
	  f near_plane = 0.100000;
		texture = art\bitmaps\decals\b_d_jng01-a.%img%;
	  f vertical_meters = 4.000000;
	}
	[t:decal,n:*]
	{
		decal_orientation = -0.707107,0.706114,0.037447,0.000000,0.052959,-0.998597,-0.707107,-0.706115,-0.037447;
		decal_origin = -5.424850,0.950596,0.596762,0x248DB283;
	  f far_plane = 1.100000;
	  x guid = 0xC11E3FE1;
	  f horizontal_meters = 4.000000;
	  f lod = 1.000000;
	  f near_plane = 0.100000;
		texture = art\bitmaps\decals\b_d_jng01-a.%img%;
	  f vertical_meters = 4.000000;
	}
	[t:decal,n:*]
	{
		decal_orientation = 0.707107,0.706114,0.037447,0.000000,0.052959,-0.998597,-0.707107,0.706115,0.037447;
		decal_origin = -3.705740,1.034987,-0.065400,0x248DB283;
	  f far_plane = 1.100000;
	  x guid = 0x99F80A15;
	  f horizontal_meters = 4.000000;
	  f lod = 1.000000;
	  f near_plane = 0.100000;
		texture = art\bitmaps\decals\b_d_jng01-a.%img%;
	  f vertical_meters = 4.000000;
	}
	[t:decal,n:*]
	{
		decal_orientation = 1.000000,0.000000,0.000000,0.000000,0.074790,-0.997199,0.000000,0.997199,0.074790;
		decal_origin = -1.290801,1.033445,-0.924864,0x248DB283;
	  f far_plane = 1.100000;
	  x guid = 0x55D2C919;
	  f horizontal_meters = 4.000000;
	  f lod = 1.000000;
	  f near_plane = 0.100000;
		texture = art\bitmaps\decals\b_d_jng01-a.%img%;
	  f vertical_meters = 4.000000;
	}
	[t:decal,n:*]
	{
		decal_orientation = 0.000000,-1.000000,0.000000,0.000000,0.000000,-1.000000,1.000000,0.000000,0.000000;
		decal_origin = 1.207690,0.950003,-1.855083,0x248DB283;
	  f far_plane = 1.100000;
	  x guid = 0x6B6B954A;
	  f horizontal_meters = 4.000000;
	  f lod = 1.000000;
	  f near_plane = 0.100000;
		texture = art\bitmaps\decals\b_d_jng01-a.%img%;
	  f vertical_meters = 4.000000;
	}
	[t:decal,n:*]
	{
		decal_orientation = 0.000000,-1.000000,0.000000,0.000000,0.000000,-1.000000,1.000000,0.000000,0.000000;
		decal_origin = -4.537163,0.950001,-1.645981,0x248DB283;
	  f far_plane = 1.100000;
	  x guid = 0x83CE385C;
	  f horizontal_meters = 4.000000;
	  f lod = 1.000000;
	  f near_plane = 0.100000;
		texture = art\bitmaps\decals\b_d_jng01-a.%img%;
	  f vertical_meters = 4.000000;
	}
	[t:decal,n:*]
	{
		decal_orientation = 0.000000,-1.000000,0.000000,0.000000,0.000000,-1.000000,1.000000,0.000000,0.000000;
		decal_origin = 0.888403,0.950001,1.451111,0x7F19AA63;
	  f far_plane = 1.100000;
	  x guid = 0x7FB88AF4;
	  f horizontal_meters = 4.000000;
	  f lod = 1.000000;
	  f near_plane = 0.100000;
		texture = art\bitmaps\decals\b_d_jng01-a.%img%;
	  f vertical_meters = 4.000000;
	}
	[t:decal,n:*]
	{
		decal_orientation = 0.000000,-0.997199,-0.074790,0.000000,0.074790,-0.997199,1.000000,0.000000,0.000000;
		decal_origin = -0.995395,1.027465,0.817880,0x7F19AA63;
	  f far_plane = 1.100000;
	  x guid = 0x7E61E1EE;
	  f horizontal_meters = 4.000000;
	  f lod = 1.000000;
	  f near_plane = 0.100000;
		texture = art\bitmaps\decals\b_d_jng01-a.%img%;
	  f vertical_meters = 4.000000;
	}
	[t:decal,n:*]
	{
		decal_orientation = -0.707107,0.706114,0.037447,0.000000,0.052959,-0.998597,-0.707107,-0.706115,-0.037447;
		decal_origin = -3.304919,1.047377,0.135805,0x7F19AA63;
	  f far_plane = 1.100000;
	  x guid = 0x5C155168;
	  f horizontal_meters = 4.000000;
	  f lod = 1.000000;
	  f near_plane = 0.100000;
		texture = art\bitmaps\decals\b_d_jng01-a.%img%;
	  f vertical_meters = 4.000000;
	}
	[t:decal,n:*]
	{
		decal_orientation = 0.000000,-1.000000,0.000000,0.000000,0.000000,-1.000000,1.000000,0.000000,0.000000;
		decal_origin = -5.541299,0.950003,-0.804334,0x7F19AA63;
	  f far_plane = 1.100000;
	  x guid = 0x686ACCCD;
	  f horizontal_meters = 4.000000;
	  f lod = 1.000000;
	  f near_plane = 0.100000;
		texture = art\bitmaps\decals\b_d_jng01-a.%img%;
	  f vertical_meters = 4.000000;
	}
	[t:decal,n:*]
	{
		decal_orientation = -1.000000,0.000000,0.000000,0.000000,0.074790,-0.997199,0.000000,-0.997199,-0.074790;
		decal_origin = -2.943557,0.969415,1.778574,0x7F19AA63;
	  f far_plane = 1.100000;
	  x guid = 0x22B4F833;
	  f horizontal_meters = 4.000000;
	  f lod = 1.000000;
	  f near_plane = 0.100000;
		texture = art\bitmaps\decals\b_d_jng01-a.%img%;
	  f vertical_meters = 4.000000;
	}
	[t:decal,n:*]
	{
		decal_orientation = 0.000000,-1.000000,0.000000,0.000000,0.000000,-1.000000,1.000000,0.000000,0.000000;
		decal_origin = -5.115792,0.950001,1.301554,0x7F19AA63;
	  f far_plane = 1.100000;
	  x guid = 0xF1495EE0;
	  f horizontal_meters = 4.000000;
	  f lod = 1.000000;
	  f near_plane = 0.100000;
		texture = art\bitmaps\decals\b_d_jng01-a.%img%;
	  f vertical_meters = 4.000000;
	}
	[t:decal,n:*]
	{
		decal_orientation = 0.000000,-1.000000,0.000000,0.000000,0.000000,-1.000000,1.000000,0.000000,0.000000;
		decal_origin = -2.601875,1.000002,1.814215,0x59051F7E;
	  f far_plane = 1.100000;
	  x guid = 0x97039A83;
	  f horizontal_meters = 4.000000;
	  f lod = 1.000000;
	  f near_plane = 0.100000;
		texture = art\bitmaps\decals\b_d_jng01-a.%img%;
	  f vertical_meters = 4.000000;
	}
	[t:decal,n:*]
	{
		decal_orientation = 0.000000,-1.000000,0.000000,0.000000,0.000000,-1.000000,1.000000,0.000000,0.000000;
		decal_origin = 3.925024,1.000000,0.900930,0x30CCDB9B;
	  f far_plane = 1.100000;
	  x guid = 0x80F4DAFF;
	  f horizontal_meters = 4.000000;
	  f lod = 1.000000;
	  f near_plane = 0.100000;
		texture = art\bitmaps\decals\b_d_jng01-a.%img%;
	  f vertical_meters = 4.000000;
	}
	[t:decal,n:*]
	{
		decal_orientation = -1.000000,0.000000,0.000000,0.000000,0.074790,-0.997199,0.000000,-0.997199,-0.074790;
		decal_origin = -1.228349,1.017980,1.131046,0x255A775B;
	  f far_plane = 1.100000;
	  x guid = 0x8209942F;
	  f horizontal_meters = 4.000000;
	  f lod = 1.000000;
	  f near_plane = 0.100000;
		texture = art\bitmaps\decals\b_d_jng01-a.%img%;
	  f vertical_meters = 4.000000;
	}
	[t:decal,n:*]
	{
		decal_orientation = -0.707107,0.706114,0.037447,0.000000,0.052959,-0.998597,-0.707107,-0.706115,-0.037447;
		decal_origin = -3.543103,1.035410,0.216745,0x255A775B;
	  f far_plane = 1.100000;
	  x guid = 0x69FAC1B5;
	  f horizontal_meters = 4.000000;
	  f lod = 1.000000;
	  f near_plane = 0.100000;
		texture = art\bitmaps\decals\b_d_jng01-a.%img%;
	  f vertical_meters = 4.000000;
	}
	[t:decal,n:*]
	{
		decal_orientation = 0.000000,-1.000000,0.000000,0.000000,0.000000,-1.000000,1.000000,0.000000,0.000000;
		decal_origin = -5.579926,0.950003,-0.995261,0x255A775B;
	  f far_plane = 1.100000;
	  x guid = 0x9334A314;
	  f horizontal_meters = 4.000000;
	  f lod = 1.000000;
	  f near_plane = 0.100000;
		texture = art\bitmaps\decals\b_d_jng01-a.%img%;
	  f vertical_meters = 4.000000;
	}
	[t:decal,n:*]
	{
