[decals]
{
	[t:decal,n:*]
	{
		decal_orientation = 0.000000,-0.989949,-0.141421,0.000000,0.141421,-0.989949,1.000000,0.000000,0.000000;
		decal_origin = -3.368448,2.919931,3.106396,0x84E85E93;
	  f far_plane = 1.100000;
	  x guid = 0x5670C55C;
	  f horizontal_meters = 4.000000;
	  f lod = 1.000000;
	  f near_plane = 0.100000;
		texture = Art\Bitmaps\Decals\b_d_grs01-a.%img%;
	  f vertical_meters = 4.000000;
	}
	[t:decal,n:*]
	{
		decal_orientation = 0.000000,-1.000000,0.000000,0.000000,0.000000,-1.000000,1.000000,0.000000,0.000000;
		decal_origin = -7.746026,5.000002,2.425224,0xE3E3FC5B;
	  f far_plane = 1.100000;
	  x guid = 0x393BC912;
	  f horizontal_meters = 4.000000;
	  f lod = 1.000000;
	  f near_plane = 0.100000;
		texture = Art\Bitmaps\Decals\b_d_grs01-a.%img%;
	  f vertical_meters = 4.000000;
	}
	[t:decal,n:*]
	{
		decal_orientation = 0.000000,-0.924017,-0.382352,0.000000,0.382352,-0.924017,1.000000,0.000000,0.000000;
		decal_origin = -6.262256,4.818336,0.745007,0xE3E3FC5B;
	  f far_plane = 1.100000;
	  x guid = 0xC65B8107;
	  f horizontal_meters = 4.000000;
	  f lod = 1.000000;
	  f near_plane = 0.100000;
		texture = Art\Bitmaps\Decals\b_d_grs01-a.%img%;
	  f vertical_meters = 4.000000;
	}
	[t:decal,n:*]
	{
		decal_orientation = 0.000000,-1.000000,0.000000,0.000000,0.000000,-1.000000,1.000000,0.000000,0.000000;
		decal_origin = -7.089910,4.999998,0.861311,0xE3E3FC5B;
	  f far_plane = 1.100000;
	  x guid = 0x1C91A3C7;
	  f horizontal_meters = 4.000000;
	  f lod = 1.000000;
	  f near_plane = 0.100000;
		texture = Art\Bitmaps\Decals\b_d_grs01-a.%img%;
	  f vertical_meters = 4.000000;
	}
	[t:decal,n:*]
	{
		decal_orientation = 0.000000,-1.000000,0.000000,0.000000,0.000000,-1.000000,1.000000,0.000000,0.000000;
		decal_origin = -7.112188,5.000000,3.100724,0xE3E3FC5B;
	  f far_plane = 1.100000;
	  x guid = 0x62ABE36D;
	  f horizontal_meters = 4.000000;
	  f lod = 1.000000;
	  f near_plane = 0.100000;
		texture = Art\Bitmaps\Decals\b_d_grs01-a.%img%;
	  f vertical_meters = 4.000000;
	}
	[t:decal,n:*]
	{
		decal_orientation = 0.000000,-1.000000,0.000000,0.000000,0.000000,-1.000000,1.000000,0.000000,0.000000;
		decal_origin = 7.767880,-3.000002,-2.767143,0xE3E3FC5B;
	  f far_plane = 1.100000;
	  x guid = 0x3C95C362;
	  f horizontal_meters = 4.000000;
	  f lod = 1.000000;
	  f near_plane = 0.100000;
		texture = Art\Bitmaps\Decals\b_d_grs01-a.%img%;
	  f vertical_meters = 4.000000;
	}
	[t:decal,n:*]
	{
		decal_orientation = 0.260988,-0.902806,-0.341800,0.000000,0.354071,-0.935218,0.965342,0.244081,0.092408;
		decal_origin = 6.739406,-2.594710,-1.261978,0xE3E3FC5B;
	  f far_plane = 1.100000;
	  x guid = 0x00F4BF98;
	  f horizontal_meters = 4.000000;
	  f lod = 1.000000;
	  f near_plane = 0.100000;
		texture = Art\Bitmaps\Decals\b_d_grs01-a.%img%;
	  f vertical_meters = 4.000000;
	}
	[t:decal,n:*]
	{
		decal_orientation = 0.606308,-0.647516,-0.461642,0.000000,0.580514,-0.814250,0.795230,0.493686,0.351970;
		decal_origin = 6.627711,-2.939166,-2.644865,0xE3E3FC5B;
	  f far_plane = 1.100000;
	  x guid = 0x681AE78A;
	  f horizontal_meters = 4.000000;
	  f lod = 1.000000;
	  f near_plane = 0.100000;
		texture = Art\Bitmaps\Decals\b_d_grs01-a.%img%;
	  f vertical_meters = 4.000000;
	}
	[t:decal,n:*]
	{
		decal_orientation = 0.096525,-0.915959,-0.389490,0.000000,0.391317,-0.920256,0.995331,0.088827,0.037772;
		decal_origin = 4.805878,-1.768314,-0.817583,0xE3E3FC5B;
	  f far_plane = 1.100000;
	  x guid = 0x9B1F0CB6;
	  f horizontal_meters = 4.000000;
	  f lod = 1.000000;
	  f near_plane = 0.100000;
		texture = Art\Bitmaps\Decals\b_d_grs01-a.%img%;
	  f vertical_meters = 4.000000;
	}
	[t:decal,n:*]
	{
		decal_orientation = 0.063643,-0.887940,-0.455534,0.000000,0.456460,-0.889744,0.997973,0.056626,0.029050;
		decal_origin = 3.239763,-1.016090,-1.016757,0xE3E3FC5B;
	  f far_plane = 1.100000;
	  x guid = 0x238771AF;
	  f horizontal_meters = 4.000000;
	  f lod = 1.000000;
	  f near_plane = 0.100000;
		texture = Art\Bitmaps\Decals\b_d_grs01-a.%img%;
	  f vertical_meters = 4.000000;
	}
	[t:decal,n:*]
	{
		decal_orientation = 0.035936,-0.794729,-0.605899,0.000000,0.606291,-0.795243,0.999354,0.028578,0.021787;
		decal_origin = 1.690843,0.007365,-0.957594,0xE3E3FC5B;
	  f far_plane = 1.100000;
	  x guid = 0xA2199374;
	  f horizontal_meters = 4.000000;
	  f lod = 1.000000;
	  f near_plane = 0.100000;
		texture = Art\Bitmaps\Decals\b_d_grs01-a.%img%;
	  f vertical_meters = 4.000000;
	}
	[t:decal,n:*]
	{
		decal_orientation = 0.032241,-0.761635,-0.647204,0.000000,0.647541,-0.762031,0.999480,0.024569,0.020878;
		decal_origin = 0.317506,1.093318,-0.499553,0xE3E3FC5B;
	  f far_plane = 1.100000;
	  x guid = 0x2308E79F;
	  f horizontal_meters = 4.000000;
	  f lod = 1.000000;
	  f near_plane = 0.100000;
		texture = Art\Bitmaps\Decals\b_d_grs01-a.%img%;
	  f vertical_meters = 4.000000;
	}
	[t:decal,n:*]
	{
		decal_orientation = 0.032241,-0.761635,-0.647204,0.000000,0.647541,-0.762031,0.999480,0.024569,0.020878;
		decal_origin = 0.336373,1.056642,-1.253437,0xE3E3FC5B;
	  f far_plane = 1.100000;
	  x guid = 0x06873659;
	  f horizontal_meters = 4.000000;
	  f lod = 1.000000;
	  f near_plane = 0.100000;
		texture = Art\Bitmaps\Decals\b_d_grs01-a.%img%;
	  f vertical_meters = 4.000000;
	}
	[t:decal,n:*]
	{
		decal_orientation = 0.046678,-0.751971,-0.657541,0.000000,0.658258,-0.752792,0.998910,0.035139,0.030726;
		decal_origin = -0.834257,2.094953,-0.222292,0xE3E3FC5B;
	  f far_plane = 1.100000;
	  x guid = 0xD00E310C;
	  f horizontal_meters = 4.000000;
	  f lod = 1.000000;
	  f near_plane = 0.100000;
		texture = Art\Bitmaps\Decals\b_d_grs01-a.%img%;
	  f vertical_meters = 4.000000;
	}
	[t:decal,n:*]
	{
		decal_orientation = 0.080870,-0.889813,-0.449102,0.000000,0.450577,-0.892737,0.996725,0.072196,0.036438;
		decal_origin = -1.825955,2.789590,-0.903669,0xE3E3FC5B;
	  f far_plane = 1.100000;
	  x guid = 0x01A6CD36;
	  f horizontal_meters = 4.000000;
	  f lod = 1.000000;
	  f near_plane = 0.100000;
		texture = Art\Bitmaps\Decals\b_d_grs01-a.%img%;
	  f vertical_meters = 4.000000;
	}
	[t:decal,n:*]
	{
		decal_orientation = 0.572181,-0.689727,-0.443718,0.000000,0.541035,-0.841000,0.820127,0.481204,0.309570;
		decal_origin = -2.713435,3.335600,0.068839,0xE3E3FC5B;
	  f far_plane = 1.100000;
	  x guid = 0xB5E0C430;
	  f horizontal_meters = 4.000000;
	  f lod = 1.000000;
	  f near_plane = 0.100000;
		texture = Art\Bitmaps\Decals\b_d_grs01-a.%img%;
	  f vertical_meters = 4.000000;
	}
	[t:decal,n:*]
	{
		decal_orientation = 0.051361,-0.886055,-0.460726,0.000000,0.461335,-0.887226,0.998680,0.045569,0.023695;
		decal_origin = -3.498039,3.650465,-0.598426,0xE3E3FC5B;
	  f far_plane = 1.100000;
	  x guid = 0x9C01D7B7;
	  f horizontal_meters = 4.000000;
	  f lod = 1.000000;
	  f near_plane = 0.100000;
		texture = Art\Bitmaps\Decals\b_d_grs01-a.%img%;
	  f vertical_meters = 4.000000;
	}
	[t:decal,n:*]
	{
		decal_orientation = 0.985212,-0.154084,-0.074940,0.000000,0.437373,-0.899280,0.171341,0.885981,0.430905;
		decal_origin = -4.971939,4.146289,0.319917,0xE3E3FC5B;
	  f far_plane = 1.100000;
	  x guid = 0x7DB79ED1;
	  f horizontal_meters = 4.000000;
	  f lod = 1.000000;
	  f near_plane = 0.100000;
		texture = Art\Bitmaps\Decals\b_d_grs01-a.%img%;
	  f vertical_meters = 4.000000;
	}
	[t:decal,n:*]
	{
		decal_orientation = 0.000000,-0.924017,-0.382352,0.000000,0.382352,-0.924017,1.000000,0.000000,0.000000;
		decal_origin = -4.850269,4.234070,-0.038962,0xE3E3FC5B;
	  f far_plane = 1.100000;
	  x guid = 0xE39EB325;
	  f horizontal_meters = 4.000000;
	  f lod = 1.000000;
	  f near_plane = 0.100000;
		texture = Art\Bitmaps\Decals\b_d_grs01-a.%img%;
	  f vertical_meters = 4.000000;
	}
	[t:decal,n:*]
	{
		decal_orientation = 0.572181,-0.689727,-0.443718,0.000000,0.541035,-0.841000,0.820127,0.481204,0.309570;
		decal_origin = -3.560303,3.976948,0.597321,0xE3E3FC5B;
	  f far_plane = 1.100000;
	  x guid = 0xCEBAF1C8;
	  f horizontal_meters = 4.000000;
	  f lod = 1.000000;
	  f near_plane = 0.100000;
		texture = Art\Bitmaps\Decals\b_d_grs01-a.%img%;
	  f vertical_meters = 4.000000;
	}
	[t:decal,n:*]
	{
		decal_orientation = -0.003147,-0.762511,-0.646967,0.000000,0.646970,-0.762515,0.999995,-0.002400,-0.002036;
		decal_origin = -2.432811,3.475656,1.281137,0xE3E3FC5B;
	  f far_plane = 1.100000;
	  x guid = 0x08730CA1;
	  f horizontal_meters = 4.000000;
	  f lod = 1.000000;
	  f near_plane = 0.100000;
		texture = Art\Bitmaps\Decals\b_d_grs01-a.%img%;
	  f vertical_meters = 4.000000;
	}
	[t:decal,n:*]
	{
		decal_orientation = 0.046678,-0.751971,-0.657541,0.000000,0.658258,-0.752792,0.998910,0.035139,0.030726;
		decal_origin = -0.664278,1.911649,-1.075568,0xE3E3FC5B;
	  f far_plane = 1.100000;
	  x guid = 0x491721CA;
	  f horizontal_meters = 4.000000;
	  f lod = 1.000000;
	  f near_plane = 0.100000;
		texture = Art\Bitmaps\Decals\b_d_grs01-a.%img%;
	  f vertical_meters = 4.000000;
	}
	[t:decal,n:*]
	{
		decal_orientation = 0.985212,-0.154084,-0.074940,0.000000,0.437373,-0.899280,0.171341,0.885981,0.430905;
		decal_origin = -5.917908,4.736269,1.386656,0xE3E3FC5B;
	  f far_plane = 1.100000;
	  x guid = 0x0D7E2911;
	  f horizontal_meters = 4.000000;
	  f lod = 1.000000;
	  f near_plane = 0.100000;
		texture = Art\Bitmaps\Decals\b_d_grs01-a.%img%;
	  f vertical_meters = 4.000000;
	}
	[t:decal,n:*]
	{
		decal_orientation = 0.000000,-1.000000,0.000000,0.000000,0.000000,-1.000000,1.000000,0.000000,0.000000;
		decal_origin = -6.042480,5.000000,2.328565,0xE3E3FC5B;
	  f far_plane = 1.100000;
	  x guid = 0xC2A00758;
	  f horizontal_meters = 4.000000;
	  f lod = 1.000000;
	  f near_plane = 0.100000;
		texture = Art\Bitmaps\Decals\b_d_grs01-a.%img%;
	  f vertical_meters = 4.000000;
	}
	[t:decal,n:*]
	{
		decal_orientation = 0.035936,-0.794729,-0.605899,0.000000,0.606291,-0.795243,0.999354,0.028578,0.021787;
		decal_origin = 0.755536,0.754420,0.299580,0xE3E3FC5B;
	  f far_plane = 1.100000;
	  x guid = 0xFA24A188;
	  f horizontal_meters = 4.000000;
	  f lod = 1.000000;
	  f near_plane = 0.100000;
		texture = Art\Bitmaps\Decals\b_d_grs01-a.%img%;
	  f vertical_meters = 4.000000;
	}
	[t:decal,n:*]
	{
		decal_orientation = 0.000000,-0.777245,-0.629198,0.000000,0.629198,-0.777245,1.000000,0.000000,0.000000;
		decal_origin = 2.533071,-0.663986,-0.005387,0xE3E3FC5B;
	  f far_plane = 1.100000;
	  x guid = 0x01BEAA62;
	  f horizontal_meters = 4.000000;
	  f lod = 1.000000;
	  f near_plane = 0.100000;
		texture = Art\Bitmaps\Decals\b_d_grs01-a.%img%;
	  f vertical_meters = 4.000000;
	}
	[t:decal,n:*]
	{
		decal_orientation = 0.063643,-0.887940,-0.455534,0.000000,0.456460,-0.889744,0.997973,0.056626,0.029050;
		decal_origin = 4.129582,-1.439604,-0.034831,0xE3E3FC5B;
	  f far_plane = 1.100000;
	  x guid = 0x2AB8E7B7;
	  f horizontal_meters = 4.000000;
	  f lod = 1.000000;
	  f near_plane = 0.100000;
		texture = Art\Bitmaps\Decals\b_d_grs01-a.%img%;
	  f vertical_meters = 4.000000;
	}
	[t:decal,n:*]
	{
		decal_orientation = 0.096525,-0.915959,-0.389490,0.000000,0.391317,-0.920256,0.995331,0.088827,0.037772;
		decal_origin = 4.476667,-1.658046,-1.525788,0xE3E3FC5B;
	  f far_plane = 1.100000;
	  x guid = 0x28063F16;
	  f horizontal_meters = 4.000000;
	  f lod = 1.000000;
	  f near_plane = 0.100000;
		texture = Art\Bitmaps\Decals\b_d_grs01-a.%img%;
	  f vertical_meters = 4.000000;
	}
	[t:decal,n:*]
	{
		decal_orientation = 0.260988,-0.902806,-0.341800,0.000000,0.354071,-0.935218,0.965342,0.244081,0.092408;
		decal_origin = 6.212995,-2.351832,-0.751043,0xE3E3FC5B;
	  f far_plane = 1.100000;
	  x guid = 0x57A6D292;
	  f horizontal_meters = 4.000000;
	  f lod = 1.000000;
	  f near_plane = 0.100000;
		texture = Art\Bitmaps\Decals\b_d_grs01-a.%img%;
	  f vertical_meters = 4.000000;
	}
	[t:decal,n:*]
	{
		decal_orientation = 0.000000,-1.000000,0.000000,0.000000,0.000000,-1.000000,1.000000,0.000000,0.000000;
		decal_origin = 1.896689,1.000000,-0.978316,0x059BDB52;
	  f far_plane = 1.100000;
	  x guid = 0x1CE9FB26;
	  f horizontal_meters = 4.000000;
	  f lod = 1.000000;
	  f near_plane = 0.100000;
		texture = Art\Bitmaps\Decals\b_d_grs01-a.%img%;
	  f vertical_meters = 4.000000;
	}
	[t:decal,n:*]
	{
		decal_orientation = 0.000000,-1.000000,0.000000,0.000000,0.000000,-1.000000,1.000000,0.000000,0.000000;
		decal_origin = 7.837409,-2.999998,-2.622927,0xF4C442EC;
	  f far_plane = 1.100000;
	  x guid = 0x2BB31E9D;
	  f horizontal_meters = 4.000000;
	  f lod = 1.000000;
	  f near_plane = 0.100000;
		texture = Art\Bitmaps\Decals\b_d_grs01-a.%img%;
	  f vertical_meters = 4.000000;
	}
	[t:decal,n:*]
	{
		decal_orientation = 0.260988,-0.902806,-0.341800,0.000000,0.354071,-0.935218,0.965342,0.244081,0.092408;
		decal_origin = 6.972554,-2.656125,-1.021202,0xF4C442EC;
	  f far_plane = 1.100000;
	  x guid = 0x9CE461FF;
	  f horizontal_meters = 4.000000;
	  f lod = 1.000000;
	  f near_plane = 0.100000;
		texture = Art\Bitmaps\Decals\b_d_grs01-a.%img%;
	  f vertical_meters = 4.000000;
	}
	[t:decal,n:*]
	{
		decal_orientation = 0.096525,-0.915959,-0.389490,0.000000,0.391317,-0.920256,0.995331,0.088827,0.037772;
		decal_origin = 6.192710,-2.393917,-1.759088,0xF4C442EC;
	  f far_plane = 1.100000;
	  x guid = 0x2597EBA1;
	  f horizontal_meters = 4.000000;
	  f lod = 1.000000;
	  f near_plane = 0.100000;
		texture = Art\Bitmaps\Decals\b_d_grs01-a.%img%;
	  f vertical_meters = 4.000000;
	}
	[t:decal,n:*]
	{
		decal_orientation = 0.606308,-0.647516,-0.461642,0.000000,0.580514,-0.814250,0.795230,0.493686,0.351970;
		decal_origin = 6.550767,-2.764064,-2.340704,0xF4C442EC;
	  f far_plane = 1.100000;
	  x guid = 0xC4982AF4;
	  f horizontal_meters = 4.000000;
	  f lod = 1.000000;
	  f near_plane = 0.100000;
		texture = Art\Bitmaps\Decals\b_d_grs01-a.%img%;
	  f vertical_meters = 4.000000;
	}
	[t:decal,n:*]
	{
		decal_orientation = 0.096525,-0.915959,-0.389490,0.000000,0.391317,-0.920256,0.995331,0.088827,0.037772;
		decal_origin = 4.802242,-1.769108,-0.874427,0xF4C442EC;
	  f far_plane = 1.100000;
	  x guid = 0x1DB983F4;
	  f horizontal_meters = 4.000000;
	  f lod = 1.000000;
	  f near_plane = 0.100000;
		texture = Art\Bitmaps\Decals\b_d_grs01-a.%img%;
	  f vertical_meters = 4.000000;
	}
	[t:decal,n:*]
	{
		decal_orientation = 0.063643,-0.887940,-0.455534,0.000000,0.456460,-0.889744,0.997973,0.056626,0.029050;
		decal_origin = 3.384507,-1.102382,-1.389992,0xF4C442EC;
	  f far_plane = 1.100000;
	  x guid = 0x2BE9A5B2;
	  f horizontal_meters = 4.000000;
	  f lod = 1.000000;
	  f near_plane = 0.100000;
		texture = Art\Bitmaps\Decals\b_d_grs01-a.%img%;
	  f vertical_meters = 4.000000;
	}
	[t:decal,n:*]
	{
		decal_orientation = 0.000000,-0.777245,-0.629198,0.000000,0.629198,-0.777245,1.000000,0.000000,0.000000;
		decal_origin = 2.462949,-0.607219,0.043201,0xF4C442EC;
	  f far_plane = 1.100000;
	  x guid = 0xB951610D;
	  f horizontal_meters = 4.000000;
	  f lod = 1.000000;
	  f near_plane = 0.100000;
		texture = Art\Bitmaps\Decals\b_d_grs01-a.%img%;
	  f vertical_meters = 4.000000;
	}
	[t:decal,n:*]
	{
		decal_orientation = 0.035936,-0.794729,-0.605899,0.000000,0.606291,-0.795243,0.999354,0.028578,0.021787;
		decal_origin = 1.912980,-0.166631,-1.130959,0xF4C442EC;
	  f far_plane = 1.100000;
	  x guid = 0xE9010115;
	  f horizontal_meters = 4.000000;
	  f lod = 1.000000;
	  f near_plane = 0.100000;
		texture = Art\Bitmaps\Decals\b_d_grs01-a.%img%;
	  f vertical_meters = 4.000000;
	}
	[t:decal,n:*]
	{
		decal_orientation = 0.035936,-0.794729,-0.605899,0.000000,0.606291,-0.795243,0.999354,0.028578,0.021787;
		decal_origin = 0.994768,0.560805,-0.114591,0xF4C442EC;
	  f far_plane = 1.100000;
	  x guid = 0x9B1DDBD5;
	  f horizontal_meters = 4.000000;
	  f lod = 1.000000;
	  f near_plane = 0.100000;
		texture = Art\Bitmaps\Decals\b_d_grs01-a.%img%;
	  f vertical_meters = 4.000000;
	}
	[t:decal,n:*]
	{
		decal_orientation = 0.032241,-0.761635,-0.647204,0.000000,0.647541,-0.762031,0.999480,0.024569,0.020878;
		decal_origin = 0.359647,1.041299,-1.091857,0xF4C442EC;
	  f far_plane = 1.100000;
	  x guid = 0x504775F1;
	  f horizontal_meters = 4.000000;
	  f lod = 1.000000;
	  f near_plane = 0.100000;
		texture = Art\Bitmaps\Decals\b_d_grs01-a.%img%;
	  f vertical_meters = 4.000000;
	}
	[t:decal,n:*]
	{
		decal_orientation = 0.046678,-0.751971,-0.657541,0.000000,0.658258,-0.752792,0.998910,0.035139,0.030726;
		decal_origin = -0.564686,1.863941,-0.113294,0xF4C442EC;
	  f far_plane = 1.100000;
	  x guid = 0xD99EDDFF;
	  f horizontal_meters = 4.000000;
	  f lod = 1.000000;
	  f near_plane = 0.100000;
		texture = Art\Bitmaps\Decals\b_d_grs01-a.%img%;
	  f vertical_meters = 4.000000;
	}
	[t:decal,n:*]
	{
		decal_orientation = 0.046678,-0.751971,-0.657541,0.000000,0.658258,-0.752792,0.998910,0.035139,0.030726;
		decal_origin = -1.268232,2.429346,-1.316767,0xF4C442EC;
	  f far_plane = 1.100000;
	  x guid = 0x9348D485;
	  f horizontal_meters = 4.000000;
	  f lod = 1.000000;
	  f near_plane = 0.100000;
		texture = Art\Bitmaps\Decals\b_d_grs01-a.%img%;
	  f vertical_meters = 4.000000;
	}
	[t:decal,n:*]
	{
		decal_orientation = 0.572181,-0.689727,-0.443718,0.000000,0.541035,-0.841000,0.820127,0.481204,0.309570;
		decal_origin = -2.511948,3.184157,-0.053785,0xF4C442EC;
	  f far_plane = 1.100000;
	  x guid = 0xDCF4B372;
	  f horizontal_meters = 4.000000;
	  f lod = 1.000000;
	  f near_plane = 0.100000;
		texture = Art\Bitmaps\Decals\b_d_grs01-a.%img%;
	  f vertical_meters = 4.000000;
	}
	[t:decal,n:*]
	{
		decal_orientation = 0.080870,-0.889813,-0.449102,0.000000,0.450577,-0.892737,0.996725,0.072196,0.036438;
		decal_origin = -2.562772,3.161181,-0.880949,0xF4C442EC;
	  f far_plane = 1.100000;
	  x guid = 0x3425A815;
	  f horizontal_meters = 4.000000;
	  f lod = 1.000000;
	  f near_plane = 0.100000;
		texture = Art\Bitmaps\Decals\b_d_grs01-a.%img%;
	  f vertical_meters = 4.000000;
	}
	[t:decal,n:*]
	{
		decal_orientation = 0.077924,-0.920246,-0.383503,0.000000,0.384673,-0.923053,0.996959,0.071928,0.029975;
		decal_origin = -4.400668,4.044114,-0.175933,0xF4C442EC;
	  f far_plane = 1.100000;
	  x guid = 0x8BEE2216;
	  f horizontal_meters = 4.000000;
	  f lod = 1.000000;
	  f near_plane = 0.100000;
		texture = Art\Bitmaps\Decals\b_d_grs01-a.%img%;
	  f vertical_meters = 4.000000;
	}
	[t:decal,n:*]
	{
		decal_orientation = 0.000000,-0.924017,-0.382352,0.000000,0.382352,-0.924017,1.000000,0.000000,0.000000;
		decal_origin = -5.914814,4.674566,0.495503,0xF4C442EC;
	  f far_plane = 1.100000;
	  x guid = 0xE7E7A55B;
	  f horizontal_meters = 4.000000;
	  f lod = 1.000000;
	  f near_plane = 0.100000;
		texture = Art\Bitmaps\Decals\b_d_grs01-a.%img%;
	  f vertical_meters = 4.000000;
	}
	[t:decal,n:*]
	{
		decal_orientation = 0.000000,-1.000000,0.000000,0.000000,0.000000,-1.000000,1.000000,0.000000,0.000000;
		decal_origin = -7.387983,5.000000,1.152426,0xF4C442EC;
	  f far_plane = 1.100000;
	  x guid = 0x65F17504;
	  f horizontal_meters = 4.000000;
	  f lod = 1.000000;
	  f near_plane = 0.100000;
		texture = Art\Bitmaps\Decals\b_d_grs01-a.%img%;
	  f vertical_meters = 4.000000;
	}
	[t:decal,n:*]
	{
		decal_orientation = 0.000000,-1.000000,0.000000,0.000000,0.000000,-1.000000,1.000000,0.000000,0.000000;
		decal_origin = -7.176785,5.000000,2.904823,0xF4C442EC;
	  f far_plane = 1.100000;
	  x guid = 0xF8CC32D3;
	  f horizontal_meters = 4.000000;
	  f lod = 1.000000;
	  f near_plane = 0.100000;
		texture = Art\Bitmaps\Decals\b_d_grs01-a.%img%;
	  f vertical_meters = 4.000000;
	}
	[t:decal,n:*]
	{
		decal_orientation = 0.985212,-0.154084,-0.074940,0.000000,0.437373,-0.899280,0.171341,0.885981,0.430905;
		decal_origin = -5.255238,4.506771,1.022961,0xF4C442EC;
	  f far_plane = 1.100000;
	  x guid = 0x425C7CEF;
	  f horizontal_meters = 4.000000;
	  f lod = 1.000000;
	  f near_plane = 0.100000;
		texture = Art\Bitmaps\Decals\b_d_grs01-a.%img%;
	  f vertical_meters = 4.000000;
	}
	[t:decal,n:*]
	{
		decal_orientation = 0.572181,-0.689727,-0.443718,0.000000,0.541035,-0.841000,0.820127,0.481204,0.309570;
		decal_origin = -3.408789,4.024996,0.945023,0xF4C442EC;
	  f far_plane = 1.100000;
	  x guid = 0x44ED4EF6;
	  f horizontal_meters = 4.000000;
	  f lod = 1.000000;
	  f near_plane = 0.100000;
		texture = Art\Bitmaps\Decals\b_d_grs01-a.%img%;
	  f vertical_meters = 4.000000;
	}
	[t:decal,n:*]
	{
		decal_orientation = -0.003147,-0.762511,-0.646967,0.000000,0.646970,-0.762515,0.999995,-0.002400,-0.002036;
		decal_origin = -2.034260,3.138490,0.909017,0xF4C442EC;
	  f far_plane = 1.100000;
	  x guid = 0x26F1586D;
	  f horizontal_meters = 4.000000;
	  f lod = 1.000000;
	  f near_plane = 0.100000;
		texture = Art\Bitmaps\Decals\b_d_grs01-a.%img%;
	  f vertical_meters = 4.000000;
	}
	[t:decal,n:*]
	{
		decal_orientation = 0.000000,-1.000000,0.000000,0.000000,0.000000,-1.000000,1.000000,0.000000,0.000000;
		decal_origin = 1.987963,1.000000,-0.769741,0x300D951A;
	  f far_plane = 1.100000;
	  x guid = 0xF9595333;
	  f horizontal_meters = 4.000000;
	  f lod = 1.000000;
	  f near_plane = 0.100000;
		texture = Art\Bitmaps\Decals\b_d_grs01-a.%img%;
	  f vertical_meters = 4.000000;
	}
	[t:decal,n:*]
	{
		decal_orientation = 0.000000,-1.000000,0.000000,0.000000,0.000000,-1.000000,1.000000,0.000000,0.000000;
		decal_origin = 1.888775,1.000000,-0.908714,0x58F189AF;
	  f far_plane = 1.100000;
	  x guid = 0xA941DA13;
	  f horizontal_meters = 4.000000;
	  f lod = 1.000000;
	  f near_plane = 0.100000;
		texture = Art\Bitmaps\Decals\b_d_grs01-a.%img%;
	  f vertical_meters = 4.000000;
	}
	[t:decal,n:*]
	{
		decal_orientation = 0.000000,-1.000000,0.000000,0.000000,0.000000,-1.000000,1.000000,0.000000,0.000000;
		decal_origin = -0.836470,1.000000,-1.742415,0x19E5EBA3;
	  f far_plane = 1.100000;
	  x guid = 0xA1B5CF11;
	  f horizontal_meters = 4.000000;
	  f lod = 1.000000;
	  f near_plane = 0.100000;
		texture = Art\Bitmaps\Decals\b_d_grs01-a.%img%;
	  f vertical_meters = 4.000000;
	}
	[t:decal,n:*]
	{
		decal_orientation = 0.000000,-1.000000,0.000000,0.000000,0.000000,-1.000000,1.000000,0.000000,0.000000;
		decal_origin = 1.474810,1.000000,0.613110,0x3697198C;
	  f far_plane = 1.100000;
	  x guid = 0x47F59354;
	  f horizontal_meters = 4.000000;
	  f lod = 1.000000;
	  f near_plane = 0.100000;
		texture = Art\Bitmaps\Decals\b_d_grs01-a.%img%;
	  f vertical_meters = 4.000000;
	}
	[t:decal,n:*]
	{
		decal_orientation = 0.000000,-1.000000,0.000000,0.000000,0.000000,-1.000000,1.000000,0.000000,0.000000;
		decal_origin = 3.762671,-0.650000,3.407362,0xC0F780C6;
	  f far_plane = 1.100000;
	  x guid = 0xCE35CCF7;
	  f horizontal_meters = 4.000000;
	  f lod = 1.000000;
	  f near_plane = 0.100000;
		texture = Art\Bitmaps\Decals\b_d_grs01-a.%img%;
	  f vertical_meters = 4.000000;
	}
	[t:decal,n:*]
	{
		decal_orientation = 0.000000,-1.000000,0.000000,0.000000,0.000000,-1.000000,1.000000,0.000000,0.000000;
		decal_origin = 3.019474,-0.650000,-2.455486,0xC0F780C6;
	  f far_plane = 1.100000;
	  x guid = 0x04645653;
	  f horizontal_meters = 4.000000;
	  f lod = 1.000000;
	  f near_plane = 0.100000;
		texture = Art\Bitmaps\Decals\b_d_grs01-a.%img%;
	  f vertical_meters = 4.000000;
	}
	[t:decal,n:*]
	{
		decal_orientation = 0.000000,-1.000000,0.000000,0.000000,0.000000,-1.000000,1.000000,0.000000,0.000000;
		decal_origin = -2.745087,-0.650000,3.999224,0xC0F780C6;
	  f far_plane = 1.100000;
	  x guid = 0xBC6E10CB;
	  f horizontal_meters = 4.000000;
	  f lod = 1.000000;
	  f near_plane = 0.100000;
		texture = Art\Bitmaps\Decals\b_d_grs01-a.%img%;
	  f vertical_meters = 4.000000;
	}
	[t:decal,n:*]
	{
		decal_orientation = 0.000000,-1.000000,0.000000,0.000000,0.000000,-1.000000,1.000000,0.000000,0.000000;
		decal_origin = -3.367844,-0.650000,-3.491216,0xC0F780C6;
	  f far_plane = 1.100000;
	  x guid = 0xC1542052;
	  f horizontal_meters = 4.000000;
	  f lod = 1.000000;
	  f near_plane = 0.100000;
		texture = Art\Bitmaps\Decals\b_d_grs01-a.%img%;
	  f vertical_meters = 4.000000;
	}
	[t:decal,n:*]
	{
		decal_orientation = 0.000000,-1.000000,0.000000,0.000000,0.000000,-1.000000,1.000000,0.000000,0.000000;
		decal_origin = 0.278445,-0.650000,-3.919600,0xC0F780C6;
	  f far_plane = 1.100000;
	  x guid = 0x27610D25;
	  f horizontal_meters = 4.000000;
	  f lod = 1.000000;
	  f near_plane = 0.100000;
		texture = Art\Bitmaps\Decals\b_d_grs01-a.%img%;
	  f vertical_meters = 4.000000;
	}
	[t:decal,n:*]
	{
		decal_orientation = 0.000000,-1.000000,0.000000,0.000000,0.000000,-1.000000,1.000000,0.000000,0.000000;
		decal_origin = 0.542430,1.000000,-1.143192,0x649B7001;
	  f far_plane = 1.100000;
	  x guid = 0xC4839E2D;
	  f horizontal_meters = 4.000000;
	  f lod = 1.000000;
	  f near_plane = 0.100000;
		texture = Art\Bitmaps\Decals\b_d_grs01-a.%img%;
	  f vertical_meters = 4.000000;
	}
	[t:decal,n:*]
	{
		decal_orientation = -0.565919,0.668139,0.483039,0.000000,0.585885,-0.810395,-0.824461,-0.458618,-0.331563;
		decal_origin = -2.011897,1.614664,-1.173585,0x5DD7D86D;
	  f far_plane = 1.100000;
	  x guid = 0x89561537;
	  f horizontal_meters = 4.000000;
	  f lod = 1.000000;
	  f near_plane = 0.100000;
		texture = Art\Bitmaps\Decals\b_d_grs01-a.%img%;
	  f vertical_meters = 4.000000;
	}
	[t:decal,n:*]
	{
		decal_orientation = -0.238964,0.788270,0.567034,0.000000,0.583952,-0.811788,-0.971028,-0.193988,-0.139543;
		decal_origin = -1.126112,1.431208,0.701197,0x5DD7D86D;
	  f far_plane = 1.100000;
	  x guid = 0x64A55224;
	  f horizontal_meters = 4.000000;
	  f lod = 1.000000;
	  f near_plane = 0.100000;
		texture = Art\Bitmaps\Decals\b_d_grs01-a.%img%;
	  f vertical_meters = 4.000000;
	}
	[t:decal,n:*]
	{
		decal_orientation = -0.269539,0.772848,0.574504,0.000000,0.596584,-0.802551,-0.962989,-0.216319,-0.160803;
		decal_origin = -0.598242,1.507295,2.395046,0x5DD7D86D;
	  f far_plane = 1.100000;
	  x guid = 0x583A2751;
	  f horizontal_meters = 4.000000;
	  f lod = 1.000000;
	  f near_plane = 0.100000;
		texture = Art\Bitmaps\Decals\b_d_grs01-a.%img%;
	  f vertical_meters = 4.000000;
	}
	[t:decal,n:*]
	{
		decal_orientation = -0.269539,0.772848,0.574504,0.000000,0.596584,-0.802551,-0.962989,-0.216319,-0.160803;
		decal_origin = -2.172116,0.282184,2.886440,0x5DD7D86D;
	  f far_plane = 1.100000;
	  x guid = 0x9A3C5F0A;
	  f horizontal_meters = 4.000000;
	  f lod = 1.000000;
	  f near_plane = 0.100000;
		texture = Art\Bitmaps\Decals\b_d_grs01-a.%img%;
	  f vertical_meters = 4.000000;
	}
	[t:decal,n:*]
	{
		decal_orientation = -0.462087,0.742478,0.484976,0.000000,0.546862,-0.837222,-0.886834,-0.386870,-0.252698;
		decal_origin = -2.805971,0.178483,1.184780,0x5DD7D86D;
	  f far_plane = 1.100000;
	  x guid = 0x08F6691C;
	  f horizontal_meters = 4.000000;
	  f lod = 1.000000;
	  f near_plane = 0.100000;
		texture = Art\Bitmaps\Decals\b_d_grs01-a.%img%;
	  f vertical_meters = 4.000000;
	}
	[t:decal,n:*]
	{
		decal_orientation = -0.460704,0.685973,0.563199,0.000000,0.634552,-0.772881,-0.887554,-0.356069,-0.292340;
		decal_origin = -3.611673,0.360968,-0.903648,0x5DD7D86D;
	  f far_plane = 1.100000;
	  x guid = 0x927F991D;
	  f horizontal_meters = 4.000000;
	  f lod = 1.000000;
	  f near_plane = 0.100000;
		texture = Art\Bitmaps\Decals\b_d_grs01-a.%img%;
	  f vertical_meters = 4.000000;
	}
	[t:decal,n:*]
	{
		decal_orientation = 0.410229,-0.740017,-0.532998,0.000000,0.584439,-0.811437,0.911983,0.332875,0.239754;
		decal_origin = 2.214382,1.480612,1.215025,0x5DD7D86D;
	  f far_plane = 1.100000;
	  x guid = 0x049077F8;
	  f horizontal_meters = 4.000000;
	  f lod = 1.000000;
	  f near_plane = 0.100000;
		texture = Art\Bitmaps\Decals\b_d_grs01-a.%img%;
	  f vertical_meters = 4.000000;
	}
	[t:decal,n:*]
	{
		decal_orientation = 0.270858,-0.733077,-0.623886,0.000000,0.648113,-0.761545,0.962619,0.206271,0.175547;
		decal_origin = 1.377825,1.379684,-0.791877,0x5DD7D86D;
	  f far_plane = 1.100000;
	  x guid = 0xB4A132B8;
	  f horizontal_meters = 4.000000;
	  f lod = 1.000000;
	  f near_plane = 0.100000;
		texture = Art\Bitmaps\Decals\b_d_grs01-a.%img%;
	  f vertical_meters = 4.000000;
	}
	[t:decal,n:*]
	{
		decal_orientation = 0.325350,-0.743554,-0.584187,0.000000,0.617800,-0.786336,0.945594,0.255834,0.201001;
		decal_origin = 0.519035,1.594864,-2.552829,0x5DD7D86D;
	  f far_plane = 1.100000;
	  x guid = 0xEB2F3221;
	  f horizontal_meters = 4.000000;
	  f lod = 1.000000;
	  f near_plane = 0.100000;
		texture = Art\Bitmaps\Decals\b_d_grs01-a.%img%;
	  f vertical_meters = 4.000000;
	}
	[t:decal,n:*]
	{
		decal_orientation = 0.270858,-0.733077,-0.623886,0.000000,0.648113,-0.761545,0.962619,0.206271,0.175547;
		decal_origin = 1.869120,0.471353,-2.986278,0x5DD7D86D;
	  f far_plane = 1.100000;
	  x guid = 0xF476C17B;
	  f horizontal_meters = 4.000000;
	  f lod = 1.000000;
	  f near_plane = 0.100000;
		texture = Art\Bitmaps\Decals\b_d_grs01-a.%img%;
	  f vertical_meters = 4.000000;
	}
	[t:decal,n:*]
	{
		decal_orientation = 0.297961,-0.810284,-0.504637,0.000000,0.528649,-0.848840,0.954578,0.252921,0.157517;
		decal_origin = 2.542691,0.272909,-1.395720,0x5DD7D86D;
	  f far_plane = 1.100000;
	  x guid = 0xBB61142F;
	  f horizontal_meters = 4.000000;
	  f lod = 1.000000;
	  f near_plane = 0.100000;
		texture = Art\Bitmaps\Decals\b_d_grs01-a.%img%;
	  f vertical_meters = 4.000000;
	}
	[t:decal,n:*]
	{
		decal_orientation = 0.515196,-0.652728,-0.555446,0.000000,0.648073,-0.761578,0.857072,0.392362,0.333885;
		decal_origin = 3.070021,0.480345,0.068852,0x5DD7D86D;
	  f far_plane = 1.100000;
	  x guid = 0x84BE54B6;
	  f horizontal_meters = 4.000000;
	  f lod = 1.000000;
	  f near_plane = 0.100000;
		texture = Art\Bitmaps\Decals\b_d_grs01-a.%img%;
	  f vertical_meters = 4.000000;
	}
	[t:decal,n:*]
	{
		decal_orientation = 0.000000,-1.000000,0.000000,0.000000,0.000000,-1.000000,1.000000,0.000000,0.000000;
		decal_origin = 1.421258,1.000000,1.662617,0xA6A73A4D;
	  f far_plane = 1.100000;
	  x guid = 0xAD4F0706;
	  f horizontal_meters = 4.000000;
	  f lod = 1.000000;
	  f near_plane = 0.100000;
		texture = Art\Bitmaps\Decals\b_d_grs01-a.%img%;
	  f vertical_meters = 4.000000;
	}
	[t:decal,n:*]
	{
		decal_orientation = 0.000000,-1.000000,0.000000,0.000000,0.000000,-1.000000,1.000000,0.000000,0.000000;
		decal_origin = 1.433799,1.000000,-0.927385,0xA6A73A4D;
	  f far_plane = 1.100000;
	  x guid = 0x8F2EAA51;
	  f horizontal_meters = 4.000000;
	  f lod = 1.000000;
	  f near_plane = 0.100000;
		texture = Art\Bitmaps\Decals\b_d_grs01-a.%img%;
	  f vertical_meters = 4.000000;
	}
	[t:decal,n:*]
	{
		decal_orientation = 0.000000,-1.000000,0.000000,0.000000,0.000000,-1.000000,1.000000,0.000000,0.000000;
		decal_origin = 1.461018,0.999998,-1.329907,0x50A3EFEF;
	  f far_plane = 1.100000;
	  x guid = 0xF3A0B928;
	  f horizontal_meters = 4.000000;
	  f lod = 1.000000;
	  f near_plane = 0.100000;
		texture = Art\Bitmaps\Decals\b_d_grs01-a.%img%;
	  f vertical_meters = 4.000000;
	}
	[t:decal,n:*]
	{
		decal_orientation = 0.000000,-1.000000,0.000000,0.000000,0.000000,-1.000000,1.000000,0.000000,0.000000;
		decal_origin = -1.338464,1.000000,0.550217,0x6D9A35A0;
	  f far_plane = 1.100000;
	  x guid = 0xD8D191EA;
	  f horizontal_meters = 4.000000;
	  f lod = 1.000000;
	  f near_plane = 0.100000;
		texture = Art\Bitmaps\Decals\b_d_grs01-a.%img%;
	  f vertical_meters = 4.000000;
	}
}
