[decals]
{
	[t:decal,n:*]
	{
		decal_orientation = 1.000000,0.000000,0.000000,0.000000,0.023803,-0.999717,0.000000,0.999717,0.023803;
		decal_origin = -0.559219,3.357500,-3.896339,0x82570EC8;
	  f far_plane = 1.100000;
	  x guid = 0xABEC35D1;
	  f horizontal_meters = 4.000000;
	  f lod = 0.000000;
	  f near_plane = 0.100000;
		texture = Art\Bitmaps\Decals\b_d_sr02-a.%img%;
	  f vertical_meters = 4.000000;
	}
	[t:decal,n:*]
	{
		decal_orientation = -1.000000,0.000000,0.000000,0.000000,0.242536,-0.970143,0.000000,-0.970143,-0.242536;
		decal_origin = -4.612744,2.225451,8.221302,0xB8A22A1D;
	  f far_plane = 1.100000;
	  x guid = 0x0F292D59;
	  f horizontal_meters = 4.000000;
	  f lod = 0.000000;
	  f near_plane = 0.100000;
		texture = Art\Bitmaps\Decals\b_d_sr02-a.%img%;
	  f vertical_meters = 4.000000;
	}
	[t:decal,n:*]
	{
		decal_orientation = -1.000000,0.000000,0.000000,0.000000,0.242536,-0.970143,0.000000,-0.970143,-0.242536;
		decal_origin = -3.052234,2.380488,7.601158,0xB8A22A1D;
	  f far_plane = 1.100000;
	  x guid = 0x9563BB38;
	  f horizontal_meters = 4.000000;
	  f lod = 0.000000;
	  f near_plane = 0.100000;
		texture = Art\Bitmaps\Decals\b_d_sr02-a.%img%;
	  f vertical_meters = 4.000000;
	}
	[t:decal,n:*]
	{
		decal_orientation = 1.000000,0.000000,0.000000,0.000000,0.242536,-0.970143,0.000000,0.970142,0.242536;
		decal_origin = 3.694656,2.238144,-7.943511,0xD910EEAC;
	  f far_plane = 1.100000;
	  x guid = 0xE5081C7D;
	  f horizontal_meters = 4.000000;
	  f lod = 0.000000;
	  f near_plane = 0.100000;
		texture = Art\Bitmaps\Decals\b_d_sr02-a.%img%;
	  f vertical_meters = 4.000000;
	}
}
