[decals]
{
	[t:decal,n:*]
	{
		decal_orientation = 0.000000,-1.000000,0.000000,0.000000,0.000000,-1.000000,1.000000,0.000000,0.000000;
		decal_origin = -3.638273,0.999998,-2.907664,0xD0B0A31B;
	  f far_plane = 1.100000;
	  x guid = 0xC3709C9B;
	  f horizontal_meters = 4.000000;
	  f lod = 1.000000;
	  f near_plane = 0.100000;
		texture = art\bitmaps\decals\b_d_grs01-a.raw;
	  f vertical_meters = 4.000000;
	}
	[t:decal,n:*]
	{
		decal_orientation = 0.000000,0.987338,0.158629,0.000000,0.158629,-0.987338,-1.000000,0.000000,0.000000;
		decal_origin = -3.978033,1.016355,-0.809485,0xD0B0A31B;
	  f far_plane = 1.100000;
	  x guid = 0xEC0F99D7;
	  f horizontal_meters = 4.000000;
	  f lod = 1.000000;
	  f near_plane = 0.100000;
		texture = art\bitmaps\decals\b_d_grs01-a.raw;
	  f vertical_meters = 4.000000;
	}
	[t:decal,n:*]
	{
		decal_orientation = 0.000000,0.997884,0.065021,0.000000,0.065021,-0.997884,-1.000000,0.000000,0.000000;
		decal_origin = -3.809848,1.014510,1.318107,0xD0B0A31B;
	  f far_plane = 1.100000;
	  x guid = 0x1BCE2B84;
	  f horizontal_meters = 4.000000;
	  f lod = 1.000000;
	  f near_plane = 0.100000;
		texture = art\bitmaps\decals\b_d_grs01-a.raw;
	  f vertical_meters = 4.000000;
	}
	[t:decal,n:*]
	{
		decal_orientation = 0.000000,-1.000000,0.000000,0.000000,0.000000,-1.000000,1.000000,0.000000,0.000000;
		decal_origin = -3.700561,1.000000,3.353138,0xD0B0A31B;
	  f far_plane = 1.100000;
	  x guid = 0xC7B53A0E;
	  f horizontal_meters = 4.000000;
	  f lod = 1.000000;
	  f near_plane = 0.100000;
		texture = art\bitmaps\decals\b_d_grs01-a.raw;
	  f vertical_meters = 4.000000;
	}
	[t:decal,n:*]
	{
		decal_orientation = -0.959348,0.279171,0.041414,0.000000,0.146741,-0.989175,-0.282226,-0.948963,-0.140775;
		decal_origin = -1.453681,1.092731,3.586009,0xD0B0A31B;
	  f far_plane = 1.100000;
	  x guid = 0xF5EEB4C6;
	  f horizontal_meters = 4.000000;
	  f lod = 1.000000;
	  f near_plane = 0.100000;
		texture = art\bitmaps\decals\b_d_grs01-a.raw;
	  f vertical_meters = 4.000000;
	}
	[t:decal,n:*]
	{
		decal_orientation = -1.000000,0.000000,0.000000,0.000000,0.207745,-0.978183,0.000000,-0.978183,-0.207745;
		decal_origin = 0.643056,1.067636,3.786545,0xD0B0A31B;
	  f far_plane = 1.100000;
	  x guid = 0xECF94FC8;
	  f horizontal_meters = 4.000000;
	  f lod = 1.000000;
	  f near_plane = 0.100000;
		texture = art\bitmaps\decals\b_d_grs01-a.raw;
	  f vertical_meters = 4.000000;
	}
	[t:decal,n:*]
	{
		decal_orientation = 0.889611,0.434813,0.139750,0.000000,0.305987,-0.952036,-0.456720,0.846941,0.272209;
		decal_origin = -0.096245,1.049259,1.962841,0xD0B0A31B;
	  f far_plane = 1.100000;
	  x guid = 0xC1BB1066;
	  f horizontal_meters = 4.000000;
	  f lod = 1.000000;
	  f near_plane = 0.100000;
		texture = art\bitmaps\decals\b_d_grs01-a.raw;
	  f vertical_meters = 4.000000;
	}
	[t:decal,n:*]
	{
		decal_orientation = 0.429636,-0.889647,-0.154726,0.000000,0.171347,-0.985211,0.903002,0.423282,0.073617;
		decal_origin = -1.501502,1.191969,1.606706,0xD0B0A31B;
	  f far_plane = 1.100000;
	  x guid = 0x72E3659F;
	  f horizontal_meters = 4.000000;
	  f lod = 1.000000;
	  f near_plane = 0.100000;
		texture = art\bitmaps\decals\b_d_grs01-a.raw;
	  f vertical_meters = 4.000000;
	}
	[t:decal,n:*]
	{
		decal_orientation = 0.526528,0.838491,0.140363,0.000000,0.165102,-0.986277,-0.850158,0.519302,0.086931;
		decal_origin = -2.711422,1.146511,1.423748,0xD0B0A31B;
	  f far_plane = 1.100000;
	  x guid = 0x153998B9;
	  f horizontal_meters = 4.000000;
	  f lod = 1.000000;
	  f near_plane = 0.100000;
		texture = art\bitmaps\decals\b_d_grs01-a.raw;
	  f vertical_meters = 4.000000;
	}
	[t:decal,n:*]
	{
		decal_orientation = -0.529761,0.842440,0.098228,0.000000,0.115815,-0.993271,-0.848147,-0.526196,-0.061354;
		decal_origin = -2.799366,1.173384,-0.775043,0xD0B0A31B;
	  f far_plane = 1.100000;
	  x guid = 0xC2F03386;
	  f horizontal_meters = 4.000000;
	  f lod = 1.000000;
	  f near_plane = 0.100000;
		texture = art\bitmaps\decals\b_d_grs01-a.raw;
	  f vertical_meters = 4.000000;
	}
	[t:decal,n:*]
	{
		decal_orientation = 0.360401,-0.851975,-0.379802,0.000000,0.407165,-0.913355,0.932797,0.329174,0.146743;
		decal_origin = -1.366386,1.052893,-2.621310,0xD0B0A31B;
	  f far_plane = 1.100000;
	  x guid = 0x65B0FA42;
	  f horizontal_meters = 4.000000;
	  f lod = 1.000000;
	  f near_plane = 0.100000;
		texture = art\bitmaps\decals\b_d_grs01-a.raw;
	  f vertical_meters = 4.000000;
	}
	[t:decal,n:*]
	{
		decal_orientation = -0.565976,-0.798634,-0.204582,0.000000,0.248152,-0.968721,0.824422,-0.548273,-0.140448;
		decal_origin = -1.664222,1.135833,-0.986994,0xD0B0A31B;
	  f far_plane = 1.100000;
	  x guid = 0x49C7CA5C;
	  f horizontal_meters = 4.000000;
	  f lod = 1.000000;
	  f near_plane = 0.100000;
		texture = art\bitmaps\decals\b_d_grs01-a.raw;
	  f vertical_meters = 4.000000;
	}
	[t:decal,n:*]
	{
		decal_orientation = 0.707107,0.689532,0.156670,0.000000,0.221565,-0.975146,-0.707107,0.689532,0.156670;
		decal_origin = -2.452586,1.066744,-3.290608,0xD0B0A31B;
	  f far_plane = 1.100000;
	  x guid = 0x60FDBF61;
	  f horizontal_meters = 4.000000;
	  f lod = 1.000000;
	  f near_plane = 0.100000;
		texture = art\bitmaps\decals\b_d_grs01-a.raw;
	  f vertical_meters = 4.000000;
	}
	[t:decal,n:*]
	{
		decal_orientation = -1.000000,0.000000,0.000000,0.000000,0.038478,-0.999260,0.000000,-0.999260,-0.038478;
		decal_origin = -0.432366,0.981559,-3.501885,0xD0B0A31B;
	  f far_plane = 1.100000;
	  x guid = 0x07A5236B;
	  f horizontal_meters = 4.000000;
	  f lod = 1.000000;
	  f near_plane = 0.100000;
		texture = art\bitmaps\decals\b_d_grs01-a.raw;
	  f vertical_meters = 4.000000;
	}
	[t:decal,n:*]
	{
		decal_orientation = 0.476637,0.772272,0.420016,0.000000,0.477780,-0.878480,-0.879100,0.418716,0.227728;
		decal_origin = 1.210405,0.998101,-3.084619,0xD0B0A31B;
	  f far_plane = 1.100000;
	  x guid = 0x5BCF3E65;
	  f horizontal_meters = 4.000000;
	  f lod = 1.000000;
	  f near_plane = 0.100000;
		texture = art\bitmaps\decals\b_d_grs01-a.raw;
	  f vertical_meters = 4.000000;
	}
	[t:decal,n:*]
	{
		decal_orientation = 0.707107,-0.684793,-0.176233,0.000000,0.249231,-0.968444,0.707107,0.684793,0.176233;
		decal_origin = 2.482479,1.081853,-3.246755,0xD0B0A31B;
	  f far_plane = 1.100000;
	  x guid = 0xE9EE33C8;
	  f horizontal_meters = 4.000000;
	  f lod = 1.000000;
	  f near_plane = 0.100000;
		texture = art\bitmaps\decals\b_d_grs01-a.raw;
	  f vertical_meters = 4.000000;
	}
	[t:decal,n:*]
	{
		decal_orientation = -1.000000,0.000000,0.000000,0.000000,0.039623,-0.999215,0.000000,-0.999215,-0.039623;
		decal_origin = 1.218599,0.984320,-3.584782,0xD0B0A31B;
	  f far_plane = 1.100000;
	  x guid = 0xEA353C8F;
	  f horizontal_meters = 4.000000;
	  f lod = 1.000000;
	  f near_plane = 0.100000;
		texture = art\bitmaps\decals\b_d_grs01-a.raw;
	  f vertical_meters = 4.000000;
	}
	[t:decal,n:*]
	{
		decal_orientation = 0.000000,-1.000000,0.000000,0.000000,0.000000,-1.000000,1.000000,0.000000,0.000000;
		decal_origin = 3.405736,1.000000,-3.086729,0xD0B0A31B;
	  f far_plane = 1.100000;
	  x guid = 0xECDEAFA4;
	  f horizontal_meters = 4.000000;
	  f lod = 1.000000;
	  f near_plane = 0.100000;
		texture = art\bitmaps\decals\b_d_grs01-a.raw;
	  f vertical_meters = 4.000000;
	}
	[t:decal,n:*]
	{
		decal_orientation = 0.000000,-0.996787,-0.080104,0.000000,0.080104,-0.996787,1.000000,0.000000,0.000000;
		decal_origin = 3.359479,1.054695,-0.876699,0xD0B0A31B;
	  f far_plane = 1.100000;
	  x guid = 0xC98A1C37;
	  f horizontal_meters = 4.000000;
	  f lod = 1.000000;
	  f near_plane = 0.100000;
		texture = art\bitmaps\decals\b_d_grs01-a.raw;
	  f vertical_meters = 4.000000;
	}
	[t:decal,n:*]
	{
		decal_orientation = 0.152972,-0.985439,-0.074227,0.000000,0.075111,-0.997175,0.988231,0.152540,0.011490;
		decal_origin = 3.736203,1.015841,1.424669,0xD0B0A31B;
	  f far_plane = 1.100000;
	  x guid = 0xDFC23AD9;
	  f horizontal_meters = 4.000000;
	  f lod = 1.000000;
	  f near_plane = 0.100000;
		texture = art\bitmaps\decals\b_d_grs01-a.raw;
	  f vertical_meters = 4.000000;
	}
	[t:decal,n:*]
	{
		decal_orientation = 0.000000,-1.000000,0.000000,0.000000,0.000000,-1.000000,1.000000,0.000000,0.000000;
		decal_origin = 3.629679,1.000002,3.725633,0xD0B0A31B;
	  f far_plane = 1.100000;
	  x guid = 0x73E1F04C;
	  f horizontal_meters = 4.000000;
	  f lod = 1.000000;
	  f near_plane = 0.100000;
		texture = art\bitmaps\decals\b_d_grs01-a.raw;
	  f vertical_meters = 4.000000;
	}
	[t:decal,n:*]
	{
		decal_orientation = 0.000000,-1.000000,0.000000,0.000000,0.000000,-1.000000,1.000000,0.000000,0.000000;
		decal_origin = 2.407290,0.999998,3.942639,0xD0B0A31B;
	  f far_plane = 1.100000;
	  x guid = 0x68408CF8;
	  f horizontal_meters = 4.000000;
	  f lod = 1.000000;
	  f near_plane = 0.100000;
		texture = art\bitmaps\decals\b_d_grs01-a.raw;
	  f vertical_meters = 4.000000;
	}
	[t:decal,n:*]
	{
		decal_orientation = 0.224061,-0.973396,-0.047934,0.000000,0.049185,-0.998790,0.974575,0.223790,0.011020;
		decal_origin = 2.333410,1.085149,1.115926,0xD0B0A31B;
	  f far_plane = 1.100000;
	  x guid = 0x089356B5;
	  f horizontal_meters = 4.000000;
	  f lod = 1.000000;
	  f near_plane = 0.100000;
		texture = art\bitmaps\decals\b_d_grs01-a.raw;
	  f vertical_meters = 4.000000;
	}
	[t:decal,n:*]
	{
		decal_orientation = 0.935377,-0.346019,-0.073083,0.000000,0.206653,-0.978414,0.353653,0.915186,0.193298;
		decal_origin = 2.445468,1.097023,-2.208302,0xD0B0A31B;
	  f far_plane = 1.100000;
	  x guid = 0xFF31706F;
	  f horizontal_meters = 4.000000;
	  f lod = 1.000000;
	  f near_plane = 0.100000;
		texture = art\bitmaps\decals\b_d_grs01-a.raw;
	  f vertical_meters = 4.000000;
	}
	[t:decal,n:*]
	{
		decal_orientation = -0.697461,-0.705188,-0.127505,0.000000,0.177925,-0.984044,0.716623,-0.686332,-0.124096;
		decal_origin = 2.678774,1.123321,-0.688539,0xD0B0A31B;
	  f far_plane = 1.100000;
	  x guid = 0xF49210D9;
	  f horizontal_meters = 4.000000;
	  f lod = 1.000000;
	  f near_plane = 0.100000;
		texture = art\bitmaps\decals\b_d_grs01-a.raw;
	  f vertical_meters = 4.000000;
	}
	[t:decal,n:*]
	{
		decal_orientation = -1.000000,0.000000,0.000000,0.000000,0.219512,-0.975610,0.000000,-0.975610,-0.219512;
		decal_origin = -0.822600,-1.358435,-3.474531,0x1D2D6F6C;
	  f far_plane = 1.100000;
	  x guid = 0x3AB4D3BF;
	  f horizontal_meters = 4.000000;
	  f lod = 1.000000;
	  f near_plane = 0.100000;
		texture = art\bitmaps\decals\b_d_grs01-a.raw;
	  f vertical_meters = 4.000000;
	}
	[t:decal,n:*]
	{
		decal_orientation = 0.000000,-1.000000,0.000000,0.000000,0.000000,-1.000000,1.000000,0.000000,0.000000;
		decal_origin = -1.070920,-1.350000,-3.843478,0xDA3DCA39;
	  f far_plane = 1.100000;
	  x guid = 0x65C9EB01;
	  f horizontal_meters = 4.000000;
	  f lod = 1.000000;
	  f near_plane = 0.100000;
		texture = art\bitmaps\decals\b_d_grs01-a.raw;
	  f vertical_meters = 4.000000;
	}
	[t:decal,n:*]
	{
		decal_orientation = 0.000000,-1.000000,0.000000,0.000000,0.000000,-1.000000,1.000000,0.000000,0.000000;
		decal_origin = -1.280446,1.000000,3.524427,0xA1FC4D31;
	  f far_plane = 1.100000;
	  x guid = 0x6E17B6C2;
	  f horizontal_meters = 4.000000;
	  f lod = 1.000000;
	  f near_plane = 0.100000;
		texture = art\bitmaps\decals\b_d_grs01-path.raw;
	  f vertical_meters = 4.000000;
	}
	[t:decal,n:*]
	{
		decal_orientation = 0.000000,-1.000000,0.000000,0.000000,0.000000,-1.000000,1.000000,0.000000,0.000000;
		decal_origin = 0.901946,1.000000,3.029587,0xA1FC4D31;
	  f far_plane = 1.100000;
	  x guid = 0x4DF6EFB6;
	  f horizontal_meters = 4.000000;
	  f lod = 1.000000;
	  f near_plane = 0.100000;
		texture = art\bitmaps\decals\b_d_grs01-path.raw;
	  f vertical_meters = 4.000000;
	}
	[t:decal,n:*]
	{
		decal_orientation = 0.000000,-1.000000,0.000000,0.000000,0.000000,-1.000000,1.000000,0.000000,0.000000;
		decal_origin = 1.166739,1.000000,3.539871,0x9DB6C7F5;
	  f far_plane = 1.100000;
	  x guid = 0xDA1795F1;
	  f horizontal_meters = 4.000000;
	  f lod = 1.000000;
	  f near_plane = 0.100000;
		texture = art\bitmaps\decals\b_d_grs01-path.raw;
	  f vertical_meters = 4.000000;
	}
	[t:decal,n:*]
	{
		decal_orientation = 0.000000,-1.000000,0.000000,0.000000,0.000000,-1.000000,1.000000,0.000000,0.000000;
		decal_origin = -0.557698,1.000000,3.464096,0x9DB6C7F5;
	  f far_plane = 1.100000;
	  x guid = 0x0C6E02FA;
	  f horizontal_meters = 4.000000;
	  f lod = 1.000000;
	  f near_plane = 0.100000;
		texture = art\bitmaps\decals\b_d_grs01-path.raw;
	  f vertical_meters = 4.000000;
	}
}
