[decals]
{
	[t:decal,n:*]
	{
		decal_orientation = 0.000000,-1.000000,0.000000,0.000000,0.000000,-1.000000,1.000000,0.000000,0.000000;
		decal_origin = -3.078224,2.000000,3.402088,0x81BD6825;
	  f far_plane = 1.100000;
	  x guid = 0xF9210C89;
	  f horizontal_meters = 4.000000;
	  f lod = 1.000000;
	  f near_plane = 0.100000;
		texture = art\bitmaps\decals\b_d_swp-a.raw;
	  f vertical_meters = 4.000000;
	}
	[t:decal,n:*]
	{
		decal_orientation = 1.000000,0.000000,0.000000,0.000000,0.196116,-0.980581,0.000000,0.980581,0.196116;
		decal_origin = -0.723137,1.934608,3.387247,0x81BD6825;
	  f far_plane = 1.100000;
	  x guid = 0x8B2CC2A6;
	  f horizontal_meters = 4.000000;
	  f lod = 1.000000;
	  f near_plane = 0.100000;
		texture = art\bitmaps\decals\b_d_swp-a.raw;
	  f vertical_meters = 4.000000;
	}
	[t:decal,n:*]
	{
		decal_orientation = 1.000000,0.000000,0.000000,0.000000,0.196116,-0.980581,0.000000,0.980581,0.196116;
		decal_origin = 1.614158,1.921365,3.007816,0x81BD6825;
	  f far_plane = 1.100000;
	  x guid = 0xE706D379;
	  f horizontal_meters = 4.000000;
	  f lod = 1.000000;
	  f near_plane = 0.100000;
		texture = art\bitmaps\decals\b_d_swp-a.raw;
	  f vertical_meters = 4.000000;
	}
	[t:decal,n:*]
	{
		decal_orientation = 0.000000,-1.000000,0.000000,0.000000,0.000000,-1.000000,1.000000,0.000000,0.000000;
		decal_origin = 3.482586,2.000000,3.583719,0x81BD6825;
	  f far_plane = 1.100000;
	  x guid = 0x06B9A85B;
	  f horizontal_meters = 4.000000;
	  f lod = 1.000000;
	  f near_plane = 0.100000;
		texture = art\bitmaps\decals\b_d_swp-a.raw;
	  f vertical_meters = 4.000000;
	}
	[t:decal,n:*]
	{
		decal_orientation = 0.000000,-1.000000,0.000000,0.000000,0.000000,-1.000000,1.000000,0.000000,0.000000;
		decal_origin = -3.625550,2.000000,1.160951,0x81BD6825;
	  f far_plane = 1.100000;
	  x guid = 0xCFE78077;
	  f horizontal_meters = 4.000000;
	  f lod = 1.000000;
	  f near_plane = 0.100000;
		texture = art\bitmaps\decals\b_d_swp-a.raw;
	  f vertical_meters = 4.000000;
	}
	[t:decal,n:*]
	{
		decal_orientation = 0.000000,-1.000000,0.000000,0.000000,0.000000,-1.000000,1.000000,0.000000,0.000000;
		decal_origin = -3.577468,2.000000,-1.217901,0x81BD6825;
	  f far_plane = 1.100000;
	  x guid = 0x341533E2;
	  f horizontal_meters = 4.000000;
	  f lod = 1.000000;
	  f near_plane = 0.100000;
		texture = art\bitmaps\decals\b_d_swp-a.raw;
	  f vertical_meters = 4.000000;
	}
	[t:decal,n:*]
	{
		decal_orientation = 0.000000,-1.000000,0.000000,0.000000,0.000000,-1.000000,1.000000,0.000000,0.000000;
		decal_origin = -3.737273,1.999998,-3.820467,0x81BD6825;
	  f far_plane = 1.100000;
	  x guid = 0xCB3E2DF5;
	  f horizontal_meters = 4.000000;
	  f lod = 1.000000;
	  f near_plane = 0.100000;
		texture = art\bitmaps\decals\b_d_swp-a.raw;
	  f vertical_meters = 4.000000;
	}
	[t:decal,n:*]
	{
		decal_orientation = 0.000000,-1.000000,0.000000,0.000000,0.000000,-1.000000,1.000000,0.000000,0.000000;
		decal_origin = -0.388578,1.999998,3.987745,0x1ECD0350;
	  f far_plane = 1.100000;
	  x guid = 0xDA85EEA0;
	  f horizontal_meters = 4.000000;
	  f lod = 1.000000;
	  f near_plane = 0.100000;
		texture = art\bitmaps\decals\b_d_swp-a.raw;
	  f vertical_meters = 4.000000;
	}
	[t:decal,n:*]
	{
		decal_orientation = 0.000000,-1.000000,0.000000,0.000000,0.000000,-1.000000,1.000000,0.000000,0.000000;
		decal_origin = -1.452462,1.000000,1.940093,0xBE3EFFD0;
	  f far_plane = 1.100000;
	  x guid = 0xEF00AD15;
	  f horizontal_meters = 4.000000;
	  f lod = 1.000000;
	  f near_plane = 0.100000;
		texture = art\bitmaps\decals\b_d_swp-a.raw;
	  f vertical_meters = 4.000000;
	}
	[t:decal,n:*]
	{
		decal_orientation = 0.000000,-1.000000,0.000000,0.000000,0.000000,-1.000000,1.000000,0.000000,0.000000;
		decal_origin = -1.071079,2.000000,1.851424,0x3DDE8182;
	  f far_plane = 1.100000;
	  x guid = 0x92C52575;
	  f horizontal_meters = 4.000000;
	  f lod = 1.000000;
	  f near_plane = 0.100000;
		texture = art\bitmaps\decals\b_d_swp-a.raw;
	  f vertical_meters = 4.000000;
	}
	[t:decal,n:*]
	{
		decal_orientation = 0.000000,-1.000000,0.000000,0.000000,0.000000,-1.000000,1.000000,0.000000,0.000000;
		decal_origin = 0.759489,1.000000,1.922003,0x78060F9F;
	  f far_plane = 1.100000;
	  x guid = 0xD93F2CC8;
	  f horizontal_meters = 4.000000;
	  f lod = 1.000000;
	  f near_plane = 0.100000;
		texture = art\bitmaps\decals\b_d_swp-a.raw;
	  f vertical_meters = 4.000000;
	}
	[t:decal,n:*]
	{
		decal_orientation = 0.000000,-1.000000,0.000000,0.000000,0.000000,-1.000000,1.000000,0.000000,0.000000;
		decal_origin = -1.556630,1.000000,-0.679866,0xE36C0435;
	  f far_plane = 1.100000;
	  x guid = 0x2CF7C023;
	  f horizontal_meters = 4.000000;
	  f lod = 1.000000;
	  f near_plane = 0.100000;
		texture = art\bitmaps\decals\b_d_swp-a.raw;
	  f vertical_meters = 4.000000;
	}
	[t:decal,n:*]
	{
		decal_orientation = 0.000000,-1.000000,0.000000,0.000000,0.000000,-1.000000,1.000000,0.000000,0.000000;
		decal_origin = -1.575132,1.000000,1.987045,0xE36C0435;
	  f far_plane = 1.100000;
	  x guid = 0xF742F892;
	  f horizontal_meters = 4.000000;
	  f lod = 1.000000;
	  f near_plane = 0.100000;
		texture = art\bitmaps\decals\b_d_swp-a.raw;
	  f vertical_meters = 4.000000;
	}
	[t:decal,n:*]
	{
		decal_orientation = 0.000000,-1.000000,0.000000,0.000000,0.000000,-1.000000,1.000000,0.000000,0.000000;
		decal_origin = -1.831570,1.000000,0.838858,0xBEF27ED2;
	  f far_plane = 1.100000;
	  x guid = 0x9DB0DCE5;
	  f horizontal_meters = 4.000000;
	  f lod = 1.000000;
	  f near_plane = 0.100000;
		texture = art\bitmaps\decals\b_d_swp-a.raw;
	  f vertical_meters = 4.000000;
	}
	[t:decal,n:*]
	{
		decal_orientation = 0.000000,-1.000000,0.000000,0.000000,0.000000,-1.000000,1.000000,0.000000,0.000000;
		decal_origin = 0.997537,1.000000,-1.857198,0x922B4643;
	  f far_plane = 1.100000;
	  x guid = 0x12821419;
	  f horizontal_meters = 4.000000;
	  f lod = 1.000000;
	  f near_plane = 0.100000;
		texture = art\bitmaps\decals\b_d_swp-a.raw;
	  f vertical_meters = 4.000000;
	}
	[t:decal,n:*]
	{
		decal_orientation = 0.000000,-1.000000,0.000000,0.000000,0.000000,-1.000000,1.000000,0.000000,0.000000;
		decal_origin = -1.366355,2.000000,1.824866,0xF01BFF42;
	  f far_plane = 1.100000;
	  x guid = 0x967B254F;
	  f horizontal_meters = 4.000000;
	  f lod = 1.000000;
	  f near_plane = 0.100000;
		texture = art\bitmaps\decals\b_d_swp-a.raw;
	  f vertical_meters = 4.000000;
	}
	[t:decal,n:*]
	{
		decal_orientation = 0.000000,-1.000000,0.000000,0.000000,0.000000,-1.000000,1.000000,0.000000,0.000000;
		decal_origin = -1.939525,1.000000,0.679884,0x935CBFD7;
	  f far_plane = 1.100000;
	  x guid = 0xCA9FDF97;
	  f horizontal_meters = 4.000000;
	  f lod = 1.000000;
	  f near_plane = 0.100000;
		texture = art\bitmaps\decals\b_d_swp-a.raw;
	  f vertical_meters = 4.000000;
	}
	[t:decal,n:*]
	{
		decal_orientation = 0.000000,-1.000000,0.000000,0.000000,0.000000,-1.000000,1.000000,0.000000,0.000000;
		decal_origin = -0.558882,1.000000,1.862491,0xE59CB4E0;
	  f far_plane = 1.100000;
	  x guid = 0xD550D493;
	  f horizontal_meters = 4.000000;
	  f lod = 1.000000;
	  f near_plane = 0.100000;
		texture = art\bitmaps\decals\b_d_swp-a.raw;
	  f vertical_meters = 4.000000;
	}
	[t:decal,n:*]
	{
		decal_orientation = 0.000000,-1.000000,0.000000,0.000000,0.000000,-1.000000,1.000000,0.000000,0.000000;
		decal_origin = 1.857872,0.999999,1.537209,0x81F8D270;
	  f far_plane = 1.100000;
	  x guid = 0x686DF395;
	  f horizontal_meters = 4.000000;
	  f lod = 1.000000;
	  f near_plane = 0.100000;
		texture = art\bitmaps\decals\b_d_swp-a.raw;
	  f vertical_meters = 4.000000;
	}
	[t:decal,n:*]
	{
		decal_orientation = 0.000000,-1.000000,0.000000,0.000000,0.000000,-1.000000,1.000000,0.000000,0.000000;
		decal_origin = 1.963353,1.000000,-1.812536,0x81F8D270;
	  f far_plane = 1.100000;
	  x guid = 0xAD5C29E3;
	  f horizontal_meters = 4.000000;
	  f lod = 1.000000;
	  f near_plane = 0.100000;
		texture = art\bitmaps\decals\b_d_swp-a.raw;
	  f vertical_meters = 4.000000;
	}
	[t:decal,n:*]
	{
		decal_orientation = 0.000000,-1.000000,0.000000,0.000000,0.000000,-1.000000,1.000000,0.000000,0.000000;
		decal_origin = -0.907370,2.000000,1.794198,0x4A67C3EF;
	  f far_plane = 1.100000;
	  x guid = 0x463E1260;
	  f horizontal_meters = 4.000000;
	  f lod = 1.000000;
	  f near_plane = 0.100000;
		texture = art\bitmaps\decals\b_d_swp-a.raw;
	  f vertical_meters = 4.000000;
	}
	[t:decal,n:*]
	{
		decal_orientation = 0.000000,-1.000000,0.000000,0.000000,0.000000,-1.000000,1.000000,0.000000,0.000000;
		decal_origin = -1.900496,1.000000,0.823315,0xE2D2C98C;
	  f far_plane = 1.100000;
	  x guid = 0xA5D49667;
	  f horizontal_meters = 4.000000;
	  f lod = 1.000000;
	  f near_plane = 0.100000;
		texture = art\bitmaps\decals\b_d_swp-a.raw;
	  f vertical_meters = 4.000000;
	}
	[t:decal,n:*]
	{
		decal_orientation = 0.000000,-1.000000,0.000000,0.000000,0.000000,-1.000000,1.000000,0.000000,0.000000;
		decal_origin = -1.811099,1.000001,-0.486151,0x16A6A74A;
	  f far_plane = 1.100000;
	  x guid = 0x9A2E62ED;
	  f horizontal_meters = 4.000000;
	  f lod = 1.000000;
	  f near_plane = 0.100000;
		texture = art\bitmaps\decals\b_d_swp-a.raw;
	  f vertical_meters = 4.000000;
	}
	[t:decal,n:*]
	{
		decal_orientation = 0.999703,-0.020021,-0.013917,0.000000,0.570771,-0.821109,0.024383,0.820865,0.570601;
		decal_origin = -0.625240,1.283050,0.239526,0x4A67C3EF;
	  f far_plane = 1.100000;
	  x guid = 0x6C4BAEE4;
	  f horizontal_meters = 4.000000;
	  f lod = 1.000000;
	  f near_plane = 0.100000;
		texture = art\bitmaps\decals\b_d_swp-a.raw;
	  f vertical_meters = 4.000000;
	}
	[t:decal,n:*]
	{
		decal_orientation = 0.000000,-0.600000,-0.800000,0.000000,0.800000,-0.600000,1.000000,0.000000,0.000000;
		decal_origin = -0.566000,1.288001,-0.268292,0x4A67C3EF;
	  f far_plane = 1.100000;
	  x guid = 0xF4656F10;
	  f horizontal_meters = 4.000000;
	  f lod = 1.000000;
	  f near_plane = 0.100000;
		texture = art\bitmaps\decals\b_d_swp-a.raw;
	  f vertical_meters = 4.000000;
	}
	[t:decal,n:*]
	{
		decal_orientation = 1.000000,0.000000,0.000000,0.000000,0.759257,-0.650791,0.000000,0.650791,0.759257;
		decal_origin = 1.169266,1.381559,0.609973,0x4A67C3EF;
	  f far_plane = 1.100000;
	  x guid = 0x46539EF2;
	  f horizontal_meters = 4.000000;
	  f lod = 1.000000;
	  f near_plane = 0.100000;
		texture = art\bitmaps\decals\b_d_swp-a.raw;
	  f vertical_meters = 4.000000;
	}
	[t:decal,n:*]
	{
		decal_orientation = 0.998460,0.034023,0.043811,0.000000,0.789810,-0.613351,-0.055470,0.612407,0.788594;
		decal_origin = 1.266472,1.290406,2.542989,0xAA12B117;
	  f far_plane = 1.100000;
	  x guid = 0x74A63CC6;
	  f horizontal_meters = 4.000000;
	  f lod = 1.000000;
	  f near_plane = 0.100000;
		texture = art\bitmaps\decals\b_d_swp-a.raw;
	  f vertical_meters = 4.000000;
	}
	[t:decal,n:*]
	{
		decal_orientation = 0.566529,-0.777043,-0.274317,0.000000,0.332892,-0.942965,0.824042,0.534217,0.188593;
		decal_origin = -0.567937,1.733435,2.493208,0xAA12B117;
	  f far_plane = 1.100000;
	  x guid = 0xF1F68F62;
	  f horizontal_meters = 4.000000;
	  f lod = 1.000000;
	  f near_plane = 0.100000;
		texture = art\bitmaps\decals\b_d_swp-a.raw;
	  f vertical_meters = 4.000000;
	}
	[t:decal,n:*]
	{
		decal_orientation = 1.000000,0.000000,0.000000,0.000000,0.196116,-0.980581,0.000000,0.980581,0.196116;
		decal_origin = 3.352759,1.746036,2.131157,0x81BD6825;
	  f far_plane = 1.100000;
	  x guid = 0xB56DBAA2;
	  f horizontal_meters = 4.000000;
	  f lod = 1.000000;
	  f near_plane = 0.100000;
		texture = art\bitmaps\decals\b_d_swp-a.raw;
	  f vertical_meters = 4.000000;
	}
	[t:decal,n:*]
	{
		decal_orientation = 0.824042,-0.550546,-0.133621,0.000000,0.235859,-0.971787,0.566529,0.800793,0.194357;
		decal_origin = -1.308497,1.709885,1.554673,0x81BD6825;
	  f far_plane = 1.100000;
	  x guid = 0x6BF6D120;
	  f horizontal_meters = 4.000000;
	  f lod = 1.000000;
	  f near_plane = 0.100000;
		texture = art\bitmaps\decals\b_d_swp-a.raw;
	  f vertical_meters = 4.000000;
	}
	[t:decal,n:*]
	{
		decal_orientation = 0.000000,-0.983282,-0.182089,0.000000,0.182089,-0.983282,1.000000,0.000000,0.000000;
		decal_origin = -2.141998,1.756174,-0.052010,0x81BD6825;
	  f far_plane = 1.100000;
	  x guid = 0x790F34AE;
	  f horizontal_meters = 4.000000;
	  f lod = 1.000000;
	  f near_plane = 0.100000;
		texture = art\bitmaps\decals\b_d_swp-a.raw;
	  f vertical_meters = 4.000000;
	}
	[t:decal,n:*]
	{
		decal_orientation = 0.110432,-0.977335,-0.180615,0.000000,0.181727,-0.983349,0.993884,0.108593,0.020068;
		decal_origin = -1.845354,1.705166,-2.384637,0x81BD6825;
	  f far_plane = 1.100000;
	  x guid = 0x8E7C070E;
	  f horizontal_meters = 4.000000;
	  f lod = 1.000000;
	  f near_plane = 0.100000;
		texture = art\bitmaps\decals\b_d_swp-a.raw;
	  f vertical_meters = 4.000000;
	}
	[t:decal,n:*]
	{
		decal_orientation = 1.000000,0.000000,0.000000,0.000000,0.196116,-0.980581,0.000000,0.980581,0.196116;
		decal_origin = 0.371158,1.514583,0.973899,0x81BD6825;
	  f far_plane = 1.100000;
	  x guid = 0x2FE24FED;
	  f horizontal_meters = 4.000000;
	  f lod = 1.000000;
	  f near_plane = 0.100000;
		texture = art\bitmaps\decals\b_d_swp-a.raw;
	  f vertical_meters = 4.000000;
	}
	[t:decal,n:*]
	{
		decal_orientation = 1.000000,0.000000,0.000000,0.000000,0.429934,-0.902861,0.000000,0.902861,0.429934;
		decal_origin = 0.187887,0.819187,-0.905649,0x81BD6825;
	  f far_plane = 1.100000;
	  x guid = 0xF7D652E5;
	  f horizontal_meters = 4.000000;
	  f lod = 1.000000;
	  f near_plane = 0.100000;
		texture = art\bitmaps\decals\b_d_swp-a.raw;
	  f vertical_meters = 4.000000;
	}
	[t:decal,n:*]
	{
		decal_orientation = 0.987763,-0.144602,-0.058434,0.000000,0.374669,-0.927159,0.155963,0.915813,0.370084;
		decal_origin = 2.616026,1.350765,0.463415,0x81BD6825;
	  f far_plane = 1.100000;
	  x guid = 0xBA66D379;
	  f horizontal_meters = 4.000000;
	  f lod = 1.000000;
	  f near_plane = 0.100000;
		texture = art\bitmaps\decals\b_d_swp-a.raw;
	  f vertical_meters = 4.000000;
	}
	[t:decal,n:*]
	{
		decal_orientation = 0.110432,-0.977335,-0.180615,0.000000,0.181727,-0.983349,0.993884,0.108593,0.020068;
		decal_origin = -0.952741,1.521893,-3.331667,0x81BD6825;
	  f far_plane = 1.100000;
	  x guid = 0xD30595BD;
	  f horizontal_meters = 4.000000;
	  f lod = 1.000000;
	  f near_plane = 0.100000;
		texture = art\bitmaps\decals\b_d_swp-a.raw;
	  f vertical_meters = 4.000000;
	}
	[t:decal,n:*]
	{
		decal_orientation = 0.566529,0.777043,0.274317,0.000000,0.332892,-0.942965,-0.824042,0.534217,0.188593;
		decal_origin = 0.266190,1.579899,2.164448,0x1ECD0350;
	  f far_plane = 1.100000;
	  x guid = 0x763EAC41;
	  f horizontal_meters = 4.000000;
	  f lod = 1.000000;
	  f near_plane = 0.100000;
		texture = art\bitmaps\decals\b_d_swp-a.raw;
	  f vertical_meters = 4.000000;
	}
	[t:decal,n:*]
	{
		decal_orientation = 0.000000,-0.847998,-0.529999,0.000000,0.529999,-0.847998,1.000000,0.000000,0.000000;
		decal_origin = 0.499020,0.867362,-2.924180,0x81BD6825;
	  f far_plane = 1.100000;
	  x guid = 0xD0D45E79;
	  f horizontal_meters = 4.000000;
	  f lod = 1.000000;
	  f near_plane = 0.100000;
		texture = art\bitmaps\decals\b_d_swp-a.raw;
	  f vertical_meters = 4.000000;
	}
	[t:decal,n:*]
	{
		decal_orientation = 0.832050,0.475457,0.285714,0.000000,0.515079,-0.857143,-0.554700,0.713186,0.428571;
		decal_origin = 0.712498,1.238266,0.334867,0x1ECD0350;
	  f far_plane = 1.100000;
	  x guid = 0x30C1D999;
	  f horizontal_meters = 4.000000;
	  f lod = 1.000000;
	  f near_plane = 0.100000;
		texture = art\bitmaps\decals\b_d_swp-a.raw;
	  f vertical_meters = 4.000000;
	}
	[t:decal,n:*]
	{
		decal_orientation = 1.000000,0.000000,0.000000,0.000000,0.196116,-0.980581,0.000000,0.980581,0.196116;
		decal_origin = 1.635247,1.832446,2.563220,0x1ECD0350;
	  f far_plane = 1.100000;
	  x guid = 0x82A5BB40;
	  f horizontal_meters = 4.000000;
	  f lod = 1.000000;
	  f near_plane = 0.100000;
		texture = art\bitmaps\decals\b_d_swp-a.raw;
	  f vertical_meters = 4.000000;
	}
	[t:decal,n:*]
	{
		decal_orientation = 1.000000,0.000000,0.000000,0.000000,0.447214,-0.894427,0.000000,0.894427,0.447214;
		decal_origin = 1.096373,0.688159,-0.859750,0x1ECD0350;
	  f far_plane = 1.100000;
	  x guid = 0xEE551B4A;
	  f horizontal_meters = 4.000000;
	  f lod = 1.000000;
	  f near_plane = 0.100000;
		texture = art\bitmaps\decals\b_d_swp-a.raw;
	  f vertical_meters = 4.000000;
	}
	[t:decal,n:*]
	{
		decal_orientation = 1.000000,0.000000,0.000000,0.000000,0.554700,-0.832050,0.000000,0.832050,0.554700;
		decal_origin = -0.743382,1.596500,0.691977,0x3DDE8182;
	  f far_plane = 1.100000;
	  x guid = 0xE90C29EB;
	  f horizontal_meters = 4.000000;
	  f lod = 1.000000;
	  f near_plane = 0.100000;
		texture = art\bitmaps\decals\b_d_swp-a.raw;
	  f vertical_meters = 4.000000;
	}
	[t:decal,n:*]
	{
		decal_orientation = 0.000000,-0.600000,-0.800000,0.000000,0.800000,-0.600000,1.000000,0.000000,0.000000;
		decal_origin = -0.388279,1.051040,-0.028936,0x3DDE8182;
	  f far_plane = 1.100000;
	  x guid = 0x8D2720EC;
	  f horizontal_meters = 4.000000;
	  f lod = 1.000000;
	  f near_plane = 0.100000;
		texture = art\bitmaps\decals\b_d_swp-a.raw;
	  f vertical_meters = 4.000000;
	}
	[t:decal,n:*]
	{
		decal_orientation = 1.000000,0.000000,0.000000,0.000000,0.759257,-0.650791,0.000000,0.650791,0.759257;
		decal_origin = 1.151894,1.326935,0.563152,0x3DDE8182;
	  f far_plane = 1.100000;
	  x guid = 0x6E53B398;
	  f horizontal_meters = 4.000000;
	  f lod = 1.000000;
	  f near_plane = 0.100000;
		texture = art\bitmaps\decals\b_d_swp-a.raw;
	  f vertical_meters = 4.000000;
	}
	[t:decal,n:*]
	{
		decal_orientation = 0.493013,0.688684,0.531652,0.000000,0.611078,-0.791570,-0.870022,0.390254,0.301269;
		decal_origin = -1.003544,1.323139,2.800698,0x1ECD0350;
	  f far_plane = 1.100000;
	  x guid = 0x9FBCD42B;
	  f horizontal_meters = 4.000000;
	  f lod = 1.000000;
	  f near_plane = 0.100000;
		texture = art\bitmaps\decals\b_d_swp-a.raw;
	  f vertical_meters = 4.000000;
	}
	[t:decal,n:*]
	{
		decal_orientation = 0.000000,-0.650791,-0.759257,0.000000,0.759257,-0.650791,1.000000,0.000000,0.000000;
		decal_origin = -0.733675,1.525875,-1.950791,0x3DDE8182;
	  f far_plane = 1.100000;
	  x guid = 0x820DDDE3;
	  f horizontal_meters = 4.000000;
	  f lod = 1.000000;
	  f near_plane = 0.100000;
		texture = art\bitmaps\decals\b_d_swp-a.raw;
	  f vertical_meters = 4.000000;
	}
	[t:decal,n:*]
	{
		decal_orientation = 1.000000,0.000000,0.000000,0.000000,0.759257,-0.650791,0.000000,0.650791,0.759257;
		decal_origin = 2.272923,1.587275,0.786299,0xB5C4BBCA;
	  f far_plane = 1.100000;
	  x guid = 0x5FECD2B2;
	  f horizontal_meters = 4.000000;
	  f lod = 1.000000;
	  f near_plane = 0.100000;
		texture = art\bitmaps\decals\b_d_swp-a.raw;
	  f vertical_meters = 4.000000;
	}
	[t:decal,n:*]
	{
		decal_orientation = 1.000000,0.000000,0.000000,0.000000,0.734803,-0.678280,0.000000,0.678280,0.734803;
		decal_origin = 0.523300,1.504465,0.704753,0xB5C4BBCA;
	  f far_plane = 1.100000;
	  x guid = 0xED0181DC;
	  f horizontal_meters = 4.000000;
	  f lod = 1.000000;
	  f near_plane = 0.100000;
		texture = art\bitmaps\decals\b_d_swp-a.raw;
	  f vertical_meters = 4.000000;
	}
	[t:decal,n:*]
	{
		decal_orientation = 0.999770,0.013940,0.016268,0.000000,0.759330,-0.650705,-0.021424,0.650556,0.759156;
		decal_origin = -1.592573,1.360271,0.582823,0xB5C4BBCA;
	  f far_plane = 1.100000;
	  x guid = 0x66800FF9;
	  f horizontal_meters = 4.000000;
	  f lod = 1.000000;
	  f near_plane = 0.100000;
		texture = art\bitmaps\decals\b_d_swp-a.raw;
	  f vertical_meters = 4.000000;
	}
	[t:decal,n:*]
	{
		decal_orientation = 1.000000,0.000000,0.000000,0.000000,0.759257,-0.650791,0.000000,0.650791,0.759257;
		decal_origin = -3.638953,1.398941,0.624870,0xB5C4BBCA;
	  f far_plane = 1.100000;
	  x guid = 0x625083A1;
	  f horizontal_meters = 4.000000;
	  f lod = 1.000000;
	  f near_plane = 0.100000;
		texture = art\bitmaps\decals\b_d_swp-a.raw;
	  f vertical_meters = 4.000000;
	}
	[t:decal,n:*]
	{
		decal_orientation = 0.942151,-0.264635,-0.205718,0.000000,0.613737,-0.789510,0.335188,0.743838,0.578233;
		decal_origin = 0.234969,1.525408,0.671572,0xF01BFF42;
	  f far_plane = 1.100000;
	  x guid = 0x82D1DE77;
	  f horizontal_meters = 4.000000;
	  f lod = 1.000000;
	  f near_plane = 0.100000;
		texture = art\bitmaps\decals\b_d_swp-a.raw;
	  f vertical_meters = 4.000000;
	}
	[t:decal,n:*]
	{
		decal_orientation = 0.393919,-0.521677,-0.756757,0.000000,0.823327,-0.567568,0.919145,0.223576,0.324324;
		decal_origin = -0.343870,0.937746,0.038698,0xF01BFF42;
	  f far_plane = 1.100000;
	  x guid = 0xC9C65D3A;
	  f horizontal_meters = 4.000000;
	  f lod = 1.000000;
	  f near_plane = 0.100000;
		texture = art\bitmaps\decals\b_d_swp-a.raw;
	  f vertical_meters = 4.000000;
	}
	[t:decal,n:*]
	{
		decal_orientation = 0.000000,-0.650791,-0.759257,0.000000,0.759257,-0.650791,1.000000,0.000000,0.000000;
		decal_origin = -0.415330,1.154474,-1.111668,0xF01BFF42;
	  f far_plane = 1.100000;
	  x guid = 0x053FFAF0;
	  f horizontal_meters = 4.000000;
	  f lod = 1.000000;
	  f near_plane = 0.100000;
		texture = art\bitmaps\decals\b_d_swp-a.raw;
	  f vertical_meters = 4.000000;
	}
	[t:decal,n:*]
	{
		decal_orientation = 1.000000,0.000000,0.000000,0.000000,0.759257,-0.650791,0.000000,0.650791,0.759257;
		decal_origin = 2.916269,1.510847,0.720793,0x664C8E6A;
	  f far_plane = 1.100000;
	  x guid = 0xE4F67467;
	  f horizontal_meters = 4.000000;
	  f lod = 1.000000;
	  f near_plane = 0.100000;
		texture = art\bitmaps\decals\b_d_swp-a.raw;
	  f vertical_meters = 4.000000;
	}
	[t:decal,n:*]
	{
		decal_orientation = 1.000000,0.000000,0.000000,0.000000,0.734803,-0.678280,0.000000,0.678280,0.734803;
		decal_origin = 0.784856,1.598868,0.791893,0x664C8E6A;
	  f far_plane = 1.100000;
	  x guid = 0x86ACBF59;
	  f horizontal_meters = 4.000000;
	  f lod = 1.000000;
	  f near_plane = 0.100000;
		texture = art\bitmaps\decals\b_d_swp-a.raw;
	  f vertical_meters = 4.000000;
	}
	[t:decal,n:*]
	{
		decal_orientation = 0.999770,0.013940,0.016268,0.000000,0.759330,-0.650705,-0.021424,0.650556,0.759156;
		decal_origin = -1.622781,1.491528,0.695974,0x664C8E6A;
	  f far_plane = 1.100000;
	  x guid = 0xD3948AAF;
	  f horizontal_meters = 4.000000;
	  f lod = 1.000000;
	  f near_plane = 0.100000;
		texture = art\bitmaps\decals\b_d_swp-a.raw;
	  f vertical_meters = 4.000000;
	}
	[t:decal,n:*]
	{
		decal_orientation = 1.000000,0.000000,0.000000,0.000000,0.759257,-0.650791,0.000000,0.650791,0.759257;
		decal_origin = -3.758416,1.409422,0.633855,0x664C8E6A;
	  f far_plane = 1.100000;
	  x guid = 0x74BA420C;
	  f horizontal_meters = 4.000000;
	  f lod = 1.000000;
	  f near_plane = 0.100000;
		texture = art\bitmaps\decals\b_d_swp-a.raw;
	  f vertical_meters = 4.000000;
	}
	[t:decal,n:*]
	{
		decal_orientation = 1.000000,0.000000,0.000000,0.000000,0.447214,-0.894427,0.000000,0.894427,0.447214;
		decal_origin = -1.846155,1.025506,-0.185053,0xAA12B117;
	  f far_plane = 1.100000;
	  x guid = 0xD9FE5B3F;
	  f horizontal_meters = 4.000000;
	  f lod = 1.000000;
	  f near_plane = 0.100000;
		texture = art\bitmaps\decals\b_d_swp-a.raw;
	  f vertical_meters = 4.000000;
	}
	[t:decal,n:*]
	{
		decal_orientation = 0.832050,-0.475457,-0.285714,0.000000,0.515079,-0.857143,0.554700,0.713186,0.428571;
		decal_origin = -0.250643,0.944988,0.056217,0xAA12B117;
	  f far_plane = 1.100000;
	  x guid = 0xE2689E42;
	  f horizontal_meters = 4.000000;
	  f lod = 1.000000;
	  f near_plane = 0.100000;
		texture = art\bitmaps\decals\b_d_swp-a.raw;
	  f vertical_meters = 4.000000;
	}
	[t:decal,n:*]
	{
		decal_orientation = 0.000000,-0.847998,-0.529999,0.000000,0.529999,-0.847998,1.000000,0.000000,0.000000;
		decal_origin = 0.091908,1.121806,-1.231052,0x81BD6825;
	  f far_plane = 1.100000;
	  x guid = 0xFDF570E6;
	  f horizontal_meters = 4.000000;
	  f lod = 1.000000;
	  f near_plane = 0.100000;
		texture = art\bitmaps\decals\b_d_swp-a.raw;
	  f vertical_meters = 4.000000;
	}
	[t:decal,n:*]
	{
		decal_orientation = 1.000000,0.000000,0.000000,0.000000,0.429934,-0.902861,0.000000,0.902861,0.429934;
		decal_origin = 1.781102,0.233435,-2.135727,0x81BD6825;
	  f far_plane = 1.100000;
	  x guid = 0xF40B1E36;
	  f horizontal_meters = 4.000000;
	  f lod = 1.000000;
	  f near_plane = 0.100000;
		texture = art\bitmaps\decals\b_d_swp-a.raw;
	  f vertical_meters = 4.000000;
	}
	[t:decal,n:*]
	{
		decal_orientation = 0.906183,-0.226519,-0.357101,0.000000,0.844439,-0.535652,0.422885,0.485398,0.765216;
		decal_origin = 0.515064,0.467477,-0.415888,0x4A67C3EF;
	  f far_plane = 1.100000;
	  x guid = 0xF3C0165E;
	  f horizontal_meters = 4.000000;
	  f lod = 1.000000;
	  f near_plane = 0.100000;
		texture = art\bitmaps\decals\b_d_swp-a.raw;
	  f vertical_meters = 4.000000;
	}
	[t:decal,n:*]
	{
		decal_orientation = 0.999902,-0.006839,-0.012214,0.000000,0.872526,-0.488567,0.013999,0.488519,0.872441;
		decal_origin = 0.430682,0.400249,-0.112041,0xB5C4BBCA;
	  f far_plane = 1.100000;
	  x guid = 0xCB1ED3B9;
	  f horizontal_meters = 4.000000;
	  f lod = 1.000000;
	  f near_plane = 0.100000;
		texture = art\bitmaps\decals\b_d_swp-a.raw;
	  f vertical_meters = 4.000000;
	}
	[t:decal,n:*]
	{
		decal_orientation = 0.650791,-0.570535,-0.500959,0.000000,0.659802,-0.751439,0.759257,0.489030,0.429394;
		decal_origin = 0.777487,0.390237,-0.380545,0xF01BFF42;
	  f far_plane = 1.100000;
	  x guid = 0x33EC619F;
	  f horizontal_meters = 4.000000;
	  f lod = 1.000000;
	  f near_plane = 0.100000;
		texture = art\bitmaps\decals\b_d_swp-a.raw;
	  f vertical_meters = 4.000000;
	}
	[t:decal,n:*]
	{
		decal_orientation = 0.680451,-0.551929,-0.482038,0.000000,0.657809,-0.753185,0.732794,0.512505,0.447607;
		decal_origin = 0.517260,0.538461,-0.423873,0x3DDE8182;
	  f far_plane = 1.100000;
	  x guid = 0x6C10DA2C;
	  f horizontal_meters = 4.000000;
	  f lod = 1.000000;
	  f near_plane = 0.100000;
		texture = art\bitmaps\decals\b_d_swp-a.raw;
	  f vertical_meters = 4.000000;
	}
	[t:decal,n:*]
	{
		decal_orientation = 0.249041,0.579666,0.775864,0.000000,0.801105,-0.598524,-0.968493,0.149057,0.199508;
		decal_origin = -1.214401,0.440631,1.543345,0x1ECD0350;
	  f far_plane = 1.100000;
	  x guid = 0x8688D76D;
	  f horizontal_meters = 4.000000;
	  f lod = 1.000000;
	  f near_plane = 0.100000;
		texture = art\bitmaps\decals\b_d_swp-a.raw;
	  f vertical_meters = 4.000000;
	}
	[t:decal,n:*]
	{
		decal_orientation = 0.707107,0.639602,0.301511,0.000000,0.426401,-0.904534,-0.707107,0.639602,0.301511;
		decal_origin = -0.053115,0.574252,-0.540753,0x1ECD0350;
	  f far_plane = 1.100000;
	  x guid = 0x0D7FA978;
	  f horizontal_meters = 4.000000;
	  f lod = 1.000000;
	  f near_plane = 0.100000;
		texture = art\bitmaps\decals\b_d_swp-a.raw;
	  f vertical_meters = 4.000000;
	}
	[t:decal,n:*]
	{
		decal_orientation = 0.249041,-0.579666,-0.775864,0.000000,0.801105,-0.598524,0.968493,0.149057,0.199508;
		decal_origin = 1.167272,0.533668,1.639175,0xAA12B117;
	  f far_plane = 1.100000;
	  x guid = 0xB7B72F12;
	  f horizontal_meters = 4.000000;
	  f lod = 1.000000;
	  f near_plane = 0.100000;
		texture = art\bitmaps\decals\b_d_swp-a.raw;
	  f vertical_meters = 4.000000;
	}
	[t:decal,n:*]
	{
		decal_orientation = 0.055470,-0.598485,-0.799211,0.000000,0.800443,-0.599408,0.998460,0.033249,0.044401;
		decal_origin = 0.130058,0.439186,-1.402113,0x4A67C3EF;
	  f far_plane = 1.100000;
	  x guid = 0xC87EF513;
	  f horizontal_meters = 4.000000;
	  f lod = 1.000000;
	  f near_plane = 0.100000;
		texture = art\bitmaps\decals\b_d_swp-a.raw;
	  f vertical_meters = 4.000000;
	}
	[t:decal,n:*]
	{
		decal_orientation = 0.999902,-0.006839,-0.012214,0.000000,0.872526,-0.488567,0.013999,0.488519,0.872441;
		decal_origin = 0.510625,0.279268,-0.178672,0x664C8E6A;
	  f far_plane = 1.100000;
	  x guid = 0xB20CE943;
	  f horizontal_meters = 4.000000;
	  f lod = 1.000000;
	  f near_plane = 0.100000;
		texture = art\bitmaps\decals\b_d_swp-a.raw;
	  f vertical_meters = 4.000000;
	}
	[t:decal,n:*]
	{
		decal_orientation = 1.000000,0.000000,0.000000,0.000000,0.196116,-0.980581,0.000000,0.980581,0.196116;
		decal_origin = 0.051618,1.792638,2.364172,0x81BD6825;
	  f far_plane = 1.100000;
	  x guid = 0x2776B430;
	  f horizontal_meters = 4.000000;
	  f lod = 1.000000;
	  f near_plane = 0.100000;
		texture = art\bitmaps\decals\b_d_swp-a.raw;
	  f vertical_meters = 4.000000;
	}
	[t:decal,n:*]
	{
		decal_orientation = 0.000000,-0.983282,-0.182089,0.000000,0.182089,-0.983282,1.000000,0.000000,0.000000;
		decal_origin = -1.983175,1.736109,0.512062,0x81BD6825;
	  f far_plane = 1.100000;
	  x guid = 0x6CD5B7B6;
	  f horizontal_meters = 4.000000;
	  f lod = 1.000000;
	  f near_plane = 0.100000;
		texture = art\bitmaps\decals\b_d_swp-a.raw;
	  f vertical_meters = 4.000000;
	}
}
