[decals]
{
	[t:decal,n:*]
	{
		decal_orientation = -0.866026,-0.500000,0.000000,0.000000,0.000000,-1.000000,0.500000,-0.866026,0.000000;
		decal_origin = -0.877132,1.000002,-0.409611,0x100D9D6F;
	  f far_plane = 1.100000;
	  x guid = 0x7D681BDD;
	  f horizontal_meters = 1.000000;
	  f lod = 1.000000;
	  f near_plane = 0.100000;
		texture = Art\Bitmaps\Decals\b_d_blood.%img%;
	  f vertical_meters = 1.000000;
	}
	[t:decal,n:*]
	{
		decal_orientation = -0.707107,-0.707107,0.000000,0.000000,0.000000,-1.000000,0.707107,-0.707107,0.000000;
		decal_origin = -1.385544,1.050834,-1.647155,0x7378513F;
	  f far_plane = 1.100000;
	  x guid = 0xCE5CB6AF;
	  f horizontal_meters = 1.000000;
	  f lod = 1.000000;
	  f near_plane = 0.100000;
		texture = Art\Bitmaps\Decals\b_d_blood.%img%;
	  f vertical_meters = 1.000000;
	}
	[t:decal,n:*]
	{
		decal_orientation = 0.000000,-1.000000,0.000000,0.000000,0.000000,-1.000000,1.000000,0.000000,0.000000;
		decal_origin = -1.805801,1.000000,1.566933,0x7378513F;
	  f far_plane = 1.100000;
	  x guid = 0x5219B04A;
	  f horizontal_meters = 1.000000;
	  f lod = 1.000000;
	  f near_plane = 0.100000;
		texture = Art\Bitmaps\Decals\b_d_blood.%img%;
	  f vertical_meters = 1.000000;
	}
	[t:decal,n:*]
	{
		decal_orientation = -0.965926,-0.258819,0.000000,0.000000,0.000000,-1.000000,0.258819,-0.965926,0.000000;
		decal_origin = -3.634575,1.538671,-0.912551,0x7378513F;
	  f far_plane = 1.600000;
	  x guid = 0x221786CC;
	  f horizontal_meters = 1.454546;
	  f lod = 1.000000;
	  f near_plane = 0.100000;
		texture = Art\Bitmaps\Decals\b_d_blood.%img%;
	  f vertical_meters = 1.454546;
	}
	[t:decal,n:*]
	{
		decal_orientation = 0.000000,-1.000000,0.000000,0.000000,0.000000,-1.000000,1.000000,0.000000,0.000000;
		decal_origin = 2.056801,1.000003,1.318978,0x7378513F;
	  f far_plane = 1.100000;
	  x guid = 0x7518028D;
	  f horizontal_meters = 1.000000;
	  f lod = 1.000000;
	  f near_plane = 0.100000;
		texture = Art\Bitmaps\Decals\b_d_blood.%img%;
	  f vertical_meters = 1.000000;
	}
	[t:decal,n:*]
	{
		decal_orientation = 1.000000,0.000000,0.000000,0.000000,0.000000,-1.000000,0.000000,1.000000,0.000000;
		decal_origin = 1.725014,1.000000,0.965287,0x7378513F;
	  f far_plane = 1.100000;
	  x guid = 0xA9828C04;
	  f horizontal_meters = 1.000000;
	  f lod = 1.000000;
	  f near_plane = 0.100000;
		texture = Art\Bitmaps\Decals\b_d_blood.%img%;
	  f vertical_meters = 1.000000;
	}
	[t:decal,n:*]
	{
		decal_orientation = -0.965926,-0.258819,0.000000,0.000000,0.000000,-1.000000,0.258819,-0.965926,0.000000;
		decal_origin = 3.505627,1.000006,1.001821,0x7378513F;
	  f far_plane = 1.100000;
	  x guid = 0xA31184A7;
	  f horizontal_meters = 1.000000;
	  f lod = 1.000000;
	  f near_plane = 0.100000;
		texture = Art\Bitmaps\Decals\b_d_blood.%img%;
	  f vertical_meters = 1.000000;
	}
	[t:decal,n:*]
	{
		decal_orientation = 0.258819,0.965926,0.000000,0.000000,0.000000,-1.000000,-0.965926,0.258819,0.000000;
		decal_origin = 1.723788,-0.500000,1.081581,0x46D33E0F;
	  f far_plane = 1.100000;
	  x guid = 0x86737F5A;
	  f horizontal_meters = 1.000000;
	  f lod = 1.000000;
	  f near_plane = 0.100000;
		texture = Art\Bitmaps\Decals\b_d_blood.%img%;
	  f vertical_meters = 1.000000;
	}
	[t:decal,n:*]
	{
		decal_orientation = 0.000000,-1.000000,0.000000,0.000000,0.000000,-1.000000,1.000000,0.000000,0.000000;
		decal_origin = 0.300223,1.000001,0.548628,0xC32EA607;
	  f far_plane = 1.100000;
	  x guid = 0x07771631;
	  f horizontal_meters = 1.000000;
	  f lod = 1.000000;
	  f near_plane = 0.100000;
		texture = Art\Bitmaps\Decals\b_d_blood.%img%;
	  f vertical_meters = 1.000000;
	}
}
