[decals]
{
	[t:decal,n:*]
	{
		decal_orientation = 0.000000,-1.000000,0.000000,0.000000,0.000000,-1.000000,1.000000,0.000000,0.000000;
		decal_origin = 0.611802,1.000000,0.347473,0x71C3C41C;
	  f far_plane = 1.100000;
	  x guid = 0x04CFDD8A;
	  f horizontal_meters = 4.000000;
	  f lod = 1.000000;
	  f near_plane = 0.100000;
		texture = Art\Bitmaps\Decals\b_d_grs01cbbl-path.%img%;
	  f vertical_meters = 4.000000;
	}
	[t:decal,n:*]
	{
		decal_orientation = -0.707107,-0.707107,0.000000,0.000000,-0.000000,-1.000000,0.707107,-0.707107,0.000000;
		decal_origin = -0.706831,1.000000,-1.467550,0xF85BA9BE;
	  f far_plane = 1.100000;
	  x guid = 0xA28003D7;
	  f horizontal_meters = 4.000000;
	  f lod = 1.000000;
	  f near_plane = 0.100000;
		texture = Art\Bitmaps\Decals\b_d_grs01cbbl-path.%img%;
	  f vertical_meters = 4.000000;
	}
	[t:decal,n:*]
	{
		decal_orientation = 1.000000,0.000000,0.000000,0.000000,0.000000,-1.000000,-0.000000,1.000000,0.000000;
		decal_origin = -0.068703,1.000000,1.047023,0xF21A0A75;
	  f far_plane = 1.100000;
	  x guid = 0x3A4FA1F5;
	  f horizontal_meters = 4.000000;
	  f lod = 1.000000;
	  f near_plane = 0.100000;
		texture = Art\Bitmaps\Decals\b_d_grs01cbbl-path.%img%;
	  f vertical_meters = 4.000000;
	}
	[t:decal,n:*]
	{
		decal_orientation = 0.000000,-1.000000,0.000000,0.000000,0.000000,-1.000000,1.000000,0.000000,0.000000;
		decal_origin = -1.321586,1.000000,1.331051,0xA03A2CB1;
	  f far_plane = 1.100000;
	  x guid = 0x886E6530;
	  f horizontal_meters = 4.000000;
	  f lod = 1.000000;
	  f near_plane = 0.100000;
		texture = Art\Bitmaps\Decals\b_d_grs01cbbl-path.%img%;
	  f vertical_meters = 4.000000;
	}
	[t:decal,n:*]
	{
		decal_orientation = 0.000000,-1.000000,0.000000,0.000000,0.000000,-1.000000,1.000000,0.000000,0.000000;
		decal_origin = -0.478158,1.000000,-0.055714,0xC0799E35;
	  f far_plane = 1.100000;
	  x guid = 0xB670058E;
	  f horizontal_meters = 4.000000;
	  f lod = 1.000000;
	  f near_plane = 0.100000;
		texture = Art\Bitmaps\Decals\b_d_grs01cbbl-path.%img%;
	  f vertical_meters = 4.000000;
	}
	[t:decal,n:*]
	{
		decal_orientation = 0.000000,-1.000000,0.000000,0.000000,0.000000,-1.000000,1.000000,0.000000,0.000000;
		decal_origin = 0.262290,1.000000,0.266674,0x3A365B65;
	  f far_plane = 1.100000;
	  x guid = 0xA5056AB2;
	  f horizontal_meters = 4.000000;
	  f lod = 1.000000;
	  f near_plane = 0.100000;
		texture = Art\Bitmaps\Decals\b_d_grs01cbbl-path.%img%;
	  f vertical_meters = 4.000000;
	}
	[t:decal,n:*]
	{
		decal_orientation = 1.000000,0.000000,0.000000,0.000000,0.000000,-1.000000,-0.000000,1.000000,0.000000;
		decal_origin = 1.778078,1.000000,1.561689,0xECDF57DA;
	  f far_plane = 1.100000;
	  x guid = 0x47CE8FDC;
	  f horizontal_meters = 4.000000;
	  f lod = 1.000000;
	  f near_plane = 0.100000;
		texture = Art\Bitmaps\Decals\b_d_grs01cbbl-path.%img%;
	  f vertical_meters = 4.000000;
	}
	[t:decal,n:*]
	{
		decal_orientation = 0.707107,-0.707107,0.000000,0.000000,0.000000,-1.000000,0.707107,0.707107,0.000000;
		decal_origin = -1.097568,1.000000,-1.802853,0xECDF57DA;
	  f far_plane = 1.100000;
	  x guid = 0x56C75099;
	  f horizontal_meters = 4.000000;
	  f lod = 1.000000;
	  f near_plane = 0.100000;
		texture = Art\Bitmaps\Decals\b_d_grs01cbbl-path.%img%;
	  f vertical_meters = 4.000000;
	}
	[t:decal,n:*]
	{
		decal_orientation = 0.000000,-1.000000,0.000000,0.000000,0.000000,-1.000000,1.000000,0.000000,0.000000;
		decal_origin = -1.455690,1.000004,0.261932,0xCECA4484;
	  f far_plane = 1.100000;
	  x guid = 0x551F28C1;
	  f horizontal_meters = 4.000000;
	  f lod = 1.000000;
	  f near_plane = 0.100000;
		texture = Art\Bitmaps\Decals\b_d_grs01cbbl-path.%img%;
	  f vertical_meters = 4.000000;
	}
	[t:decal,n:*]
	{
		decal_orientation = 0.000000,-1.000000,0.000000,0.000000,0.000000,-1.000000,1.000000,0.000000,0.000000;
		decal_origin = -1.174927,1.000000,1.924377,0x188F9092;
	  f far_plane = 1.100000;
	  x guid = 0x3B2A6069;
	  f horizontal_meters = 4.000000;
	  f lod = 1.000000;
	  f near_plane = 0.100000;
		texture = Art\Bitmaps\Decals\b_d_grs01cbbl-path.%img%;
	  f vertical_meters = 4.000000;
	}
	[t:decal,n:*]
	{
		decal_orientation = 0.000000,-1.000000,0.000000,0.000000,0.000000,-1.000000,1.000000,0.000000,0.000000;
		decal_origin = -0.701011,1.000000,-0.364749,0xD598F72C;
	  f far_plane = 1.100000;
	  x guid = 0xE2027BEA;
	  f horizontal_meters = 4.000000;
	  f lod = 1.000000;
	  f near_plane = 0.100000;
		texture = Art\Bitmaps\Decals\b_d_grs01cbbl-path.%img%;
	  f vertical_meters = 4.000000;
	}
	[t:decal,n:*]
	{
		decal_orientation = 0.707107,0.707107,0.000000,0.000000,0.000000,-1.000000,-0.707107,0.707107,0.000000;
		decal_origin = -1.126930,0.999996,0.354712,0xFB38F2A3;
	  f far_plane = 1.100000;
	  x guid = 0x7752D7B5;
	  f horizontal_meters = 4.000000;
	  f lod = 1.000000;
	  f near_plane = 0.100000;
		texture = Art\Bitmaps\Decals\b_d_grs01cbbl-path.%img%;
	  f vertical_meters = 4.000000;
	}
	[t:decal,n:*]
	{
		decal_orientation = -1.000000,0.000000,-0.000000,-0.000000,-0.000000,-1.000000,-0.000000,-1.000000,0.000000;
		decal_origin = 1.894173,1.000000,0.991003,0x827BC06E;
	  f far_plane = 1.100000;
	  x guid = 0x79F87D67;
	  f horizontal_meters = 4.000000;
	  f lod = 1.000000;
	  f near_plane = 0.100000;
		texture = Art\Bitmaps\Decals\b_d_grs01cbbl-path.%img%;
	  f vertical_meters = 4.000000;
	}
	[t:decal,n:*]
	{
		decal_orientation = 0.000000,-1.000000,0.000000,0.000000,0.000000,-1.000000,1.000000,0.000000,0.000000;
		decal_origin = -1.858181,1.000000,-1.888035,0x7385E0F9;
	  f far_plane = 1.100000;
	  x guid = 0xB5943C93;
	  f horizontal_meters = 4.000000;
	  f lod = 1.000000;
	  f near_plane = 0.100000;
		texture = Art\Bitmaps\Decals\b_d_grs01cbbl-path.%img%;
	  f vertical_meters = 4.000000;
	}
	[t:decal,n:*]
	{
		decal_orientation = 0.000000,-1.000000,0.000000,0.000000,0.000000,-1.000000,1.000000,0.000000,0.000000;
		decal_origin = 0.443420,1.000000,1.773008,0xD1A4FC96;
	  f far_plane = 1.100000;
	  x guid = 0x402E6501;
	  f horizontal_meters = 4.000000;
	  f lod = 1.000000;
	  f near_plane = 0.100000;
		texture = Art\Bitmaps\Decals\b_d_grs01cbbl-path.%img%;
	  f vertical_meters = 4.000000;
	}
	[t:decal,n:*]
	{
		decal_orientation = 0.000000,-1.000000,0.000000,0.000000,0.000000,-1.000000,1.000000,0.000000,0.000000;
		decal_origin = 0.447654,1.000000,0.603231,0xA237E5F4;
	  f far_plane = 1.100000;
	  x guid = 0x6556A160;
	  f horizontal_meters = 4.000000;
	  f lod = 1.000000;
	  f near_plane = 0.100000;
		texture = Art\Bitmaps\Decals\b_d_grs01cbbl-path.%img%;
	  f vertical_meters = 4.000000;
	}
	[t:decal,n:*]
	{
		decal_orientation = 0.000000,-1.000000,0.000000,0.000000,0.000000,-1.000000,1.000000,0.000000,0.000000;
		decal_origin = 0.270808,1.000000,0.638353,0x28C1762E;
	  f far_plane = 1.100000;
	  x guid = 0xD989BF15;
	  f horizontal_meters = 4.000000;
	  f lod = 1.000000;
	  f near_plane = 0.100000;
		texture = Art\Bitmaps\Decals\b_d_grs01cbbl-path.%img%;
	  f vertical_meters = 4.000000;
	}
	[t:decal,n:*]
	{
		decal_orientation = 0.707107,-0.707107,0.000000,0.000000,0.000000,-1.000000,0.707107,0.707107,0.000000;
		decal_origin = -7.623952,-3.000000,-0.029961,0x55096653;
	  f far_plane = 1.100000;
	  x guid = 0x46DB9ECB;
	  f horizontal_meters = 4.000000;
	  f lod = 1.000000;
	  f near_plane = 0.100000;
		texture = Art\Bitmaps\Decals\b_d_grs01-a.%img%;
	  f vertical_meters = 4.000000;
	}
	[t:decal,n:*]
	{
		decal_orientation = 0.000000,-1.000000,0.000000,0.000000,0.000000,-1.000000,1.000000,0.000000,0.000000;
		decal_origin = 7.141182,5.000000,1.724653,0x55096653;
	  f far_plane = 1.100000;
	  x guid = 0x82D38173;
	  f horizontal_meters = 4.000000;
	  f lod = 1.000000;
	  f near_plane = 0.100000;
		texture = Art\Bitmaps\Decals\b_d_grs01cbbl-path.%img%;
	  f vertical_meters = 4.000000;
	}
	[t:decal,n:*]
	{
		decal_orientation = 0.600000,0.678399,0.423999,0.000000,0.529999,-0.847998,-0.800000,0.508799,0.317999;
		decal_origin = 3.313822,3.618050,-0.048281,0x55096653;
	  f far_plane = 1.100000;
	  x guid = 0x8CF33F1C;
	  f horizontal_meters = 4.000000;
	  f lod = 1.000000;
	  f near_plane = 0.100000;
		texture = Art\Bitmaps\Decals\b_d_grs01cbbl-path.%img%;
	  f vertical_meters = 4.000000;
	}
	[t:decal,n:*]
	{
		decal_orientation = 0.985212,0.154084,0.074940,0.000000,0.437373,-0.899280,-0.171341,0.885981,0.430905;
		decal_origin = 4.340432,3.953069,0.026504,0x55096653;
	  f far_plane = 1.100000;
	  x guid = 0x54DC49C1;
	  f horizontal_meters = 4.000000;
	  f lod = 1.000000;
	  f near_plane = 0.100000;
		texture = Art\Bitmaps\Decals\b_d_grs01cbbl-path.%img%;
	  f vertical_meters = 4.000000;
	}
	[t:decal,n:*]
	{
		decal_orientation = 0.031933,0.754100,0.655983,0.000000,0.656317,-0.754485,-0.999490,0.024093,0.020958;
		decal_origin = -0.118972,1.266833,-0.584871,0x55096653;
	  f far_plane = 1.100000;
	  x guid = 0x8300BE99;
	  f horizontal_meters = 4.000000;
	  f lod = 1.000000;
	  f near_plane = 0.100000;
		texture = Art\Bitmaps\Decals\b_d_grs01cbbl-path.%img%;
	  f vertical_meters = 4.000000;
	}
	[t:decal,n:*]
	{
		decal_orientation = 0.051943,0.897773,0.437385,0.000000,0.437976,-0.898987,-0.998650,0.046696,0.022750;
		decal_origin = -3.733793,-1.246071,-0.859387,0x55096653;
	  f far_plane = 1.100000;
	  x guid = 0x07D0B992;
	  f horizontal_meters = 4.000000;
	  f lod = 1.000000;
	  f near_plane = 0.100000;
		texture = Art\Bitmaps\Decals\b_d_grs01cbbl-path.%img%;
	  f vertical_meters = 4.000000;
	}
	[t:decal,n:*]
	{
		decal_orientation = 0.867367,0.471334,0.159749,0.000000,0.320993,-0.947081,-0.497670,0.821467,0.278419;
		decal_origin = -6.703939,-2.692704,-1.888398,0x55096653;
	  f far_plane = 1.100000;
	  x guid = 0x41796461;
	  f horizontal_meters = 4.000000;
	  f lod = 1.000000;
	  f near_plane = 0.100000;
		texture = Art\Bitmaps\Decals\b_d_grs01cbbl-path.%img%;
	  f vertical_meters = 4.000000;
	}
	[t:decal,n:*]
	{
		decal_orientation = 0.000000,0.966235,0.257663,0.000000,0.257663,-0.966235,-1.000000,0.000000,0.000000;
		decal_origin = -8.008552,-2.967336,-1.728481,0x55096653;
	  f far_plane = 1.100000;
	  x guid = 0xC3F054D1;
	  f horizontal_meters = 4.000000;
	  f lod = 1.000000;
	  f near_plane = 0.100000;
		texture = Art\Bitmaps\Decals\b_d_grs01cbbl-path.%img%;
	  f vertical_meters = 4.000000;
	}
	[t:decal,n:*]
	{
		decal_orientation = 0.000000,-1.000000,0.000000,0.000000,0.000000,-1.000000,1.000000,0.000000,0.000000;
		decal_origin = -1.170624,1.000000,1.397125,0x116E27F5;
	  f far_plane = 1.100000;
	  x guid = 0x3BFD6170;
	  f horizontal_meters = 4.000000;
	  f lod = 1.000000;
	  f near_plane = 0.100000;
		texture = Art\Bitmaps\Decals\b_d_grs01-a.%img%;
	  f vertical_meters = 4.000000;
	}
	[t:decal,n:*]
	{
		decal_orientation = 0.000000,-1.000000,0.000000,0.000000,0.000000,-1.000000,1.000000,0.000000,0.000000;
		decal_origin = 1.516785,1.000000,1.231474,0x116E27F5;
	  f far_plane = 1.100000;
	  x guid = 0x0A325AD7;
	  f horizontal_meters = 4.000000;
	  f lod = 1.000000;
	  f near_plane = 0.100000;
		texture = Art\Bitmaps\Decals\b_d_dirt-a.%img%;
	  f vertical_meters = 4.000000;
	}
	[t:decal,n:*]
	{
		decal_orientation = 1.000000,0.000000,0.000000,0.000000,0.000000,-1.000000,-0.000000,1.000000,0.000000;
		decal_origin = 1.718163,1.000000,-0.839989,0x21541531;
	  f far_plane = 1.100000;
	  x guid = 0xBFBA91F3;
	  f horizontal_meters = 4.000000;
	  f lod = 1.000000;
	  f near_plane = 0.100000;
		texture = Art\Bitmaps\Decals\b_d_dirt-a.%img%;
	  f vertical_meters = 4.000000;
	}
	[t:decal,n:*]
	{
		decal_orientation = 1.000000,0.000000,0.000000,0.000000,0.000000,-1.000000,-0.000000,1.000000,0.000000;
		decal_origin = -0.085402,1.000000,-1.741382,0x21541531;
	  f far_plane = 1.100000;
	  x guid = 0x09B8CC89;
	  f horizontal_meters = 4.000000;
	  f lod = 1.000000;
	  f near_plane = 0.100000;
		texture = Art\Bitmaps\Decals\b_d_grs01cbbl-path.%img%;
	  f vertical_meters = 4.000000;
	}
	[t:decal,n:*]
	{
		decal_orientation = 0.000000,-1.000000,0.000000,0.000000,0.000000,-1.000000,1.000000,0.000000,0.000000;
		decal_origin = -1.109034,0.999996,-1.352896,0x178AD8AE;
	  f far_plane = 1.100000;
	  x guid = 0xCC72051D;
	  f horizontal_meters = 4.000000;
	  f lod = 1.000000;
	  f near_plane = 0.100000;
		texture = Art\Bitmaps\Decals\b_d_grs01cbbl-path.%img%;
	  f vertical_meters = 4.000000;
	}
	[t:decal,n:*]
	{
		decal_orientation = 0.000000,-1.000000,0.000000,0.000000,0.000000,-1.000000,1.000000,0.000000,0.000000;
		decal_origin = 1.183289,0.999996,1.882691,0x4598FF49;
	  f far_plane = 1.100000;
	  x guid = 0x20361E22;
	  f horizontal_meters = 4.000000;
	  f lod = 1.000000;
	  f near_plane = 0.100000;
		texture = Art\Bitmaps\Decals\b_d_grs01cbbl-path.%img%;
	  f vertical_meters = 4.000000;
	}
	[t:decal,n:*]
	{
		decal_orientation = 0.000000,-1.000000,0.000000,0.000000,0.000000,-1.000000,1.000000,0.000000,0.000000;
		decal_origin = 0.213680,0.999996,-1.613579,0xE95727D5;
	  f far_plane = 1.100000;
	  x guid = 0x3FDE79A8;
	  f horizontal_meters = 4.000000;
	  f lod = 1.000000;
	  f near_plane = 0.100000;
		texture = Art\Bitmaps\Decals\b_d_grs01cbbl-path.%img%;
	  f vertical_meters = 4.000000;
	}
	[t:decal,n:*]
	{
		decal_orientation = 0.000000,-1.000000,0.000000,0.000000,0.000000,-1.000000,1.000000,0.000000,0.000000;
		decal_origin = -1.356605,1.000004,0.906299,0x2AA3285D;
	  f far_plane = 1.100000;
	  x guid = 0x955DF758;
	  f horizontal_meters = 4.000000;
	  f lod = 1.000000;
	  f near_plane = 0.100000;
		texture = Art\Bitmaps\Decals\b_d_grs01cbbl-path.%img%;
	  f vertical_meters = 4.000000;
	}
	[t:decal,n:*]
	{
		decal_orientation = 0.000000,-1.000000,0.000000,0.000000,0.000000,-1.000000,1.000000,0.000000,0.000000;
		decal_origin = 1.335758,1.000004,-0.566690,0xFFBB7F98;
	  f far_plane = 1.100000;
	  x guid = 0x6F2FCAE1;
	  f horizontal_meters = 4.000000;
	  f lod = 1.000000;
	  f near_plane = 0.100000;
		texture = Art\Bitmaps\Decals\b_d_grs01cbbl-path.%img%;
	  f vertical_meters = 4.000000;
	}
	[t:decal,n:*]
	{
		decal_orientation = -0.755033,-0.653282,-0.056107,0.000000,0.085571,-0.996332,0.655687,-0.752264,-0.064609;
		decal_origin = -0.230516,0.033583,-1.975440,0x4087953B;
	  f far_plane = 1.100000;
	  x guid = 0xDCA53B8D;
	  f horizontal_meters = 4.000000;
	  f lod = 1.000000;
	  f near_plane = 0.100000;
		texture = Art\Bitmaps\Decals\b_d_grs01cbbl-path.%img%;
	  f vertical_meters = 4.000000;
	}
	[t:decal,n:*]
	{
		decal_orientation = 0.231998,0.852621,0.468203,0.000000,0.481336,-0.876536,-0.972716,0.203355,0.111669;
		decal_origin = -1.403516,-0.418638,-2.382349,0x4087953B;
	  f far_plane = 1.100000;
	  x guid = 0x3CC727FA;
	  f horizontal_meters = 4.000000;
	  f lod = 1.000000;
	  f near_plane = 0.100000;
		texture = Art\Bitmaps\Decals\b_d_grs01cbbl-path.%img%;
	  f vertical_meters = 4.000000;
	}
	[t:decal,n:*]
	{
		decal_orientation = 0.708199,0.594451,0.380897,0.000000,0.539504,-0.841983,-0.706013,0.596291,0.382076;
		decal_origin = 0.729725,1.104800,-0.773677,0x4087953B;
	  f far_plane = 1.100000;
	  x guid = 0xF14A8BA8;
	  f horizontal_meters = 4.000000;
	  f lod = 1.000000;
	  f near_plane = 0.100000;
		texture = Art\Bitmaps\Decals\b_d_grs01cbbl-path.%img%;
	  f vertical_meters = 4.000000;
	}
	[t:decal,n:*]
	{
		decal_orientation = 0.968493,0.227432,0.101470,0.000000,0.407443,-0.913231,-0.249041,0.884457,0.394606;
		decal_origin = 1.438281,1.655048,0.437663,0x4087953B;
	  f far_plane = 1.100000;
	  x guid = 0x5F83BB66;
	  f horizontal_meters = 4.000000;
	  f lod = 1.000000;
	  f near_plane = 0.100000;
		texture = Art\Bitmaps\Decals\b_d_grs01cbbl-path.%img%;
	  f vertical_meters = 4.000000;
	}
	[t:decal,n:*]
	{
		decal_orientation = 0.708199,0.594451,0.380897,0.000000,0.539504,-0.841983,-0.706013,0.596291,0.382076;
		decal_origin = 0.687670,0.926949,-1.123690,0x2B0E3890;
	  f far_plane = 1.100000;
	  x guid = 0x847A4239;
	  f horizontal_meters = 4.000000;
	  f lod = 1.000000;
	  f near_plane = 0.100000;
		texture = Art\Bitmaps\Decals\b_d_grs01cbbl-path.%img%;
	  f vertical_meters = 4.000000;
	}
	[t:decal,n:*]
	{
		decal_orientation = 0.104685,0.902737,0.417261,0.000000,0.419566,-0.907725,-0.994505,0.095025,0.043922;
		decal_origin = -2.021985,-0.836135,-2.505498,0x2B0E3890;
	  f far_plane = 1.100000;
	  x guid = 0xB4622DED;
	  f horizontal_meters = 4.000000;
	  f lod = 1.000000;
	  f near_plane = 0.100000;
		texture = Art\Bitmaps\Decals\b_d_grs01cbbl-path.%img%;
	  f vertical_meters = 4.000000;
	}
	[t:decal,n:*]
	{
		decal_orientation = 0.984183,0.155848,0.084230,0.000000,0.475464,-0.879735,-0.177153,0.865821,0.467944;
		decal_origin = 2.099941,2.437461,1.927436,0x2B0E3890;
	  f far_plane = 1.100000;
	  x guid = 0x4482B9DB;
	  f horizontal_meters = 4.000000;
	  f lod = 1.000000;
	  f near_plane = 0.100000;
		texture = Art\Bitmaps\Decals\b_d_grs01cbbl-path.%img%;
	  f vertical_meters = 4.000000;
	}
	[t:decal,n:*]
	{
		decal_orientation = 1.000000,0.000000,0.000000,0.000000,0.099504,-0.995037,0.000000,0.995037,0.099504;
		decal_origin = 2.724171,2.970285,3.652973,0x2B0E3890;
	  f far_plane = 1.100000;
	  x guid = 0xEC9E56B1;
	  f horizontal_meters = 4.000000;
	  f lod = 1.000000;
	  f near_plane = 0.100000;
		texture = Art\Bitmaps\Decals\b_d_grs01cbbl-path.%img%;
	  f vertical_meters = 4.000000;
	}
	[t:decal,n:*]
	{
		decal_orientation = -1.000000,0.000000,-0.000000,-0.000000,-0.000000,-1.000000,-0.000000,-1.000000,0.000000;
		decal_origin = 1.320656,-3.000000,-0.957592,0xC18BCDBB;
	  f far_plane = 1.100000;
	  x guid = 0x65F37E32;
	  f horizontal_meters = 4.000000;
	  f lod = 1.000000;
	  f near_plane = 0.100000;
		texture = Art\Bitmaps\Decals\b_d_grs01cbbl-path.%img%;
	  f vertical_meters = 4.000000;
	}
	[t:decal,n:*]
	{
		decal_orientation = 0.707107,-0.707107,0.000000,0.000000,0.000000,-1.000000,0.707107,0.707107,0.000000;
		decal_origin = 0.225282,0.999996,0.471954,0x24274083;
	  f far_plane = 1.100000;
	  x guid = 0xF3DE7615;
	  f horizontal_meters = 4.000000;
	  f lod = 1.000000;
	  f near_plane = 0.100000;
		texture = Art\Bitmaps\Decals\b_d_grs01cbbl-path.%img%;
	  f vertical_meters = 4.000000;
	}
	[t:decal,n:*]
	{
		decal_orientation = 0.000000,-1.000000,0.000000,0.000000,0.000000,-1.000000,1.000000,0.000000,0.000000;
		decal_origin = 1.457600,0.999996,1.884614,0x1A88A99D;
	  f far_plane = 1.100000;
	  x guid = 0xFACBDCA9;
	  f horizontal_meters = 4.000000;
	  f lod = 1.000000;
	  f near_plane = 0.100000;
		texture = Art\Bitmaps\Decals\b_d_grs01cbbl-path.%img%;
	  f vertical_meters = 4.000000;
	}
	[t:decal,n:*]
	{
		decal_orientation = 1.000000,-0.000000,-0.000000,0.000000,0.000000,-1.000000,-0.000000,1.000000,0.000000;
		decal_origin = 0.827040,1.000000,-1.810291,0x2A03DFC9;
	  f far_plane = 1.100000;
	  x guid = 0x66F441BE;
	  f horizontal_meters = 4.000000;
	  f lod = 1.000000;
	  f near_plane = 0.100000;
		texture = Art\Bitmaps\Decals\b_d_grs01cbbl-path.%img%;
	  f vertical_meters = 4.000000;
	}
	[t:decal,n:*]
	{
		decal_orientation = 0.000000,-1.000000,0.000000,0.000000,0.000000,-1.000000,1.000000,0.000000,0.000000;
		decal_origin = 1.488266,1.000000,-0.468855,0x7CA0803B;
	  f far_plane = 1.100000;
	  x guid = 0x43EC42CC;
	  f horizontal_meters = 4.000000;
	  f lod = 1.000000;
	  f near_plane = 0.100000;
		texture = Art\Bitmaps\Decals\b_d_grs01cbbl-path.%img%;
	  f vertical_meters = 4.000000;
	}
	[t:decal,n:*]
	{
		decal_orientation = 0.000000,-1.000000,0.000000,0.000000,0.000000,-1.000000,1.000000,0.000000,0.000000;
		decal_origin = 1.354729,1.000004,0.423620,0xEB1BD8AA;
	  f far_plane = 1.100000;
	  x guid = 0x301A3D61;
	  f horizontal_meters = 4.000000;
	  f lod = 1.000000;
	  f near_plane = 0.100000;
		texture = Art\Bitmaps\Decals\b_d_grs01cbbl-path.%img%;
	  f vertical_meters = 4.000000;
	}
	[t:decal,n:*]
	{
		decal_orientation = 0.000000,-1.000000,0.000000,0.000000,0.000000,-1.000000,1.000000,0.000000,0.000000;
		decal_origin = -0.586737,0.999996,0.179939,0xEB1BD8AA;
	  f far_plane = 1.100000;
	  x guid = 0x59CEC710;
	  f horizontal_meters = 4.000000;
	  f lod = 1.000000;
	  f near_plane = 0.100000;
		texture = Art\Bitmaps\Decals\b_d_grs01cbbl-path.%img%;
	  f vertical_meters = 4.000000;
	}
	[t:decal,n:*]
	{
		decal_orientation = 0.000000,-1.000000,0.000000,0.000000,0.000000,-1.000000,1.000000,0.000000,0.000000;
		decal_origin = -0.205750,1.000000,0.175215,0x147475DA;
	  f far_plane = 1.100000;
	  x guid = 0x750E755F;
	  f horizontal_meters = 4.000000;
	  f lod = 1.000000;
	  f near_plane = 0.100000;
		texture = Art\Bitmaps\Decals\b_d_grs01cbbl-path.%img%;
	  f vertical_meters = 4.000000;
	}
	[t:decal,n:*]
	{
		decal_orientation = 0.000000,-1.000000,0.000000,0.000000,0.000000,-1.000000,1.000000,0.000000,0.000000;
		decal_origin = 0.501272,1.000000,0.550055,0x82EB4A71;
	  f far_plane = 1.100000;
	  x guid = 0x0CD16675;
	  f horizontal_meters = 4.000000;
	  f lod = 1.000000;
	  f near_plane = 0.100000;
		texture = Art\Bitmaps\Decals\b_d_grs01cbbl-path.%img%;
	  f vertical_meters = 4.000000;
	}
	[t:decal,n:*]
	{
		decal_orientation = 0.000000,-1.000000,0.000000,0.000000,0.000000,-1.000000,1.000000,0.000000,0.000000;
		decal_origin = -1.891819,1.000000,-0.582053,0x6C1C8502;
	  f far_plane = 1.100000;
	  x guid = 0x343E408D;
	  f horizontal_meters = 4.000000;
	  f lod = 1.000000;
	  f near_plane = 0.100000;
		texture = Art\Bitmaps\Decals\b_d_grs01cbbl-path.%img%;
	  f vertical_meters = 4.000000;
	}
	[t:decal,n:*]
	{
		decal_orientation = 0.000000,-1.000000,0.000000,0.000000,0.000000,-1.000000,1.000000,0.000000,0.000000;
		decal_origin = 0.714393,0.999996,1.418084,0xD0799BEE;
	  f far_plane = 1.100000;
	  x guid = 0xD80C76DD;
	  f horizontal_meters = 4.000000;
	  f lod = 1.000000;
	  f near_plane = 0.100000;
		texture = Art\Bitmaps\Decals\b_d_grs01cbbl-path.%img%;
	  f vertical_meters = 4.000000;
	}
	[t:decal,n:*]
	{
		decal_orientation = 0.000000,-1.000000,0.000000,0.000000,0.000000,-1.000000,1.000000,0.000000,0.000000;
		decal_origin = 1.042935,-1.000002,-0.691129,0xD5C8FFE2;
	  f far_plane = 1.100000;
	  x guid = 0xA68AD186;
	  f horizontal_meters = 4.000000;
	  f lod = 1.000000;
	  f near_plane = 0.100000;
		texture = Art\Bitmaps\Decals\b_d_grs01cbbl-path.%img%;
	  f vertical_meters = 4.000000;
	}
	[t:decal,n:*]
	{
		decal_orientation = -0.490261,0.865895,0.099348,0.000000,0.113987,-0.993482,-0.871576,-0.487066,-0.055883;
		decal_origin = -2.669616,-0.975262,-3.258016,0x31FC43B7;
	  f far_plane = 1.100000;
	  x guid = 0x4AD74E87;
	  f horizontal_meters = 4.000000;
	  f lod = 1.000000;
	  f near_plane = 0.100000;
		texture = Art\Bitmaps\Decals\b_d_grs01cbbl-path.%img%;
	  f vertical_meters = 4.000000;
	}
	[t:decal,n:*]
	{
		decal_orientation = 0.531910,0.740647,0.410504,0.000000,0.484770,-0.874641,-0.846801,0.465231,0.257854;
		decal_origin = -0.315048,0.131363,-1.775211,0x31FC43B7;
	  f far_plane = 1.100000;
	  x guid = 0xDD449833;
	  f horizontal_meters = 4.000000;
	  f lod = 1.000000;
	  f near_plane = 0.100000;
		texture = Art\Bitmaps\Decals\b_d_grs01cbbl-path.%img%;
	  f vertical_meters = 4.000000;
	}
	[t:decal,n:*]
	{
		decal_orientation = 0.116167,0.903890,0.411690,0.000000,0.414496,-0.910051,-0.993230,0.105718,0.048151;
		decal_origin = 1.369080,1.625248,0.815275,0x31FC43B7;
	  f far_plane = 1.100000;
	  x guid = 0xAA4E92BB;
	  f horizontal_meters = 4.000000;
	  f lod = 1.000000;
	  f near_plane = 0.100000;
		texture = Art\Bitmaps\Decals\b_d_grs01cbbl-path.%img%;
	  f vertical_meters = 4.000000;
	}
	[t:decal,n:*]
	{
		decal_orientation = 1.000000,0.000000,-0.000000,-0.000000,0.000000,-1.000000,-0.000000,1.000000,0.000000;
		decal_origin = 0.250711,1.000000,1.070541,0xA28368C6;
	  f far_plane = 1.100000;
	  x guid = 0xCB9D20C6;
	  f horizontal_meters = 4.000000;
	  f lod = 1.000000;
	  f near_plane = 0.100000;
		texture = Art\Bitmaps\Decals\b_d_grs01cbbl-path.%img%;
	  f vertical_meters = 4.000000;
	}
	[t:decal,n:*]
	{
		decal_orientation = 0.000000,-1.000000,0.000000,0.000000,0.000000,-1.000000,1.000000,0.000000,0.000000;
		decal_origin = 1.815813,1.000000,1.243748,0x378BEC64;
	  f far_plane = 1.100000;
	  x guid = 0x6B7A50D8;
	  f horizontal_meters = 4.000000;
	  f lod = 1.000000;
	  f near_plane = 0.100000;
		texture = Art\Bitmaps\Decals\b_d_grs01cbbl-path.%img%;
	  f vertical_meters = 4.000000;
	}
	[t:decal,n:*]
	{
		decal_orientation = 0.000000,-1.000000,0.000000,0.000000,0.000000,-1.000000,1.000000,0.000000,0.000000;
		decal_origin = 1.862576,1.000000,-0.299913,0x1CB171A6;
	  f far_plane = 1.100000;
	  x guid = 0x25C862E9;
	  f horizontal_meters = 4.000000;
	  f lod = 1.000000;
	  f near_plane = 0.100000;
		texture = Art\Bitmaps\Decals\b_d_grs01cbbl-path.%img%;
	  f vertical_meters = 4.000000;
	}
	[t:decal,n:*]
	{
		decal_orientation = 0.000000,-1.000000,0.000000,0.000000,0.000000,-1.000000,1.000000,0.000000,0.000000;
		decal_origin = 0.757296,1.000000,1.138122,0xD9D52C44;
	  f far_plane = 1.100000;
	  x guid = 0x0D548586;
	  f horizontal_meters = 4.000000;
	  f lod = 1.000000;
	  f near_plane = 0.100000;
		texture = Art\Bitmaps\Decals\b_d_grs01cbbl-path.%img%;
	  f vertical_meters = 4.000000;
	}
	[t:decal,n:*]
	{
		decal_orientation = 0.000000,-1.000000,0.000000,0.000000,0.000000,-1.000000,1.000000,0.000000,0.000000;
		decal_origin = 0.716017,1.000000,-1.455322,0xD9D52C44;
	  f far_plane = 1.100000;
	  x guid = 0x41A6DE3F;
	  f horizontal_meters = 4.000000;
	  f lod = 1.000000;
	  f near_plane = 0.100000;
		texture = Art\Bitmaps\Decals\b_d_grs01cbbl-path.%img%;
	  f vertical_meters = 4.000000;
	}
	[t:decal,n:*]
	{
		decal_orientation = 0.707107,-0.707107,0.000000,0.000000,0.000000,-1.000000,0.707107,0.707107,0.000000;
		decal_origin = -1.613667,1.000000,1.345383,0x780E26DD;
	  f far_plane = 1.100000;
	  x guid = 0x4EA78BC0;
	  f horizontal_meters = 4.000000;
	  f lod = 1.000000;
	  f near_plane = 0.100000;
		texture = Art\Bitmaps\Decals\b_d_grs01cbbl-path.%img%;
	  f vertical_meters = 4.000000;
	}
	[t:decal,n:*]
	{
		decal_orientation = 0.000000,-1.000000,0.000000,0.000000,0.000000,-1.000000,1.000000,0.000000,0.000000;
		decal_origin = -1.566199,1.000002,0.887254,0x09CB74C2;
	  f far_plane = 1.100000;
	  x guid = 0xE33F3AFB;
	  f horizontal_meters = 4.000000;
	  f lod = 1.000000;
	  f near_plane = 0.100000;
		texture = Art\Bitmaps\Decals\b_d_grs01cbbl-path.%img%;
	  f vertical_meters = 4.000000;
	}
}
