[decals]
{
	[t:decal,n:*]
	{
		decal_orientation = 0.000000,-1.000000,0.000000,0.000000,0.000000,-1.000000,1.000000,0.000000,0.000000;
		decal_origin = -1.393023,1.000000,1.526135,0xCE3440B1;
	  f far_plane = 1.100000;
	  x guid = 0x6AEF7A77;
	  f horizontal_meters = 4.000000;
	  f lod = 1.000000;
	  f near_plane = 0.100000;
		texture = Art\Bitmaps\Decals\b_d_jng01-path.%img%;
	  f vertical_meters = 4.000000;
	}
	[t:decal,n:*]
	{
		decal_orientation = 0.000000,-1.000000,0.000000,0.000000,0.000000,-1.000000,1.000000,0.000000,0.000000;
		decal_origin = 1.476976,1.000000,1.219337,0x1ED987DF;
	  f far_plane = 1.100000;
	  x guid = 0x4964C1F0;
	  f horizontal_meters = 4.000000;
	  f lod = 1.000000;
	  f near_plane = 0.100000;
		texture = Art\Bitmaps\Decals\b_d_jng01-path.%img%;
	  f vertical_meters = 4.000000;
	}
	[t:decal,n:*]
	{
		decal_orientation = 0.000000,-1.000000,0.000000,0.000000,0.000000,-1.000000,1.000000,0.000000,0.000000;
		decal_origin = -1.993793,1.000000,1.510160,0x76F39DAF;
	  f far_plane = 1.100000;
	  x guid = 0xE93AAB5E;
	  f horizontal_meters = 4.000000;
	  f lod = 1.000000;
	  f near_plane = 0.100000;
		texture = Art\Bitmaps\Decals\b_d_jng01-a.%img%;
	  f vertical_meters = 4.000000;
	}
	[t:decal,n:*]
	{
		decal_orientation = 0.000000,-1.000000,0.000000,0.000000,0.000000,-1.000000,1.000000,0.000000,0.000000;
		decal_origin = -1.383556,1.000000,1.496760,0x9B5971FB;
	  f far_plane = 1.100000;
	  x guid = 0xE7668D73;
	  f horizontal_meters = 4.000000;
	  f lod = 1.000000;
	  f near_plane = 0.100000;
		texture = Art\Bitmaps\Decals\b_d_jng01-a.%img%;
	  f vertical_meters = 4.000000;
	}
	[t:decal,n:*]
	{
		decal_orientation = 0.000000,-1.000000,0.000000,0.000000,0.000000,-1.000000,1.000000,0.000000,0.000000;
		decal_origin = 1.964573,1.000000,-0.211398,0xD26C8EA6;
	  f far_plane = 1.100000;
	  x guid = 0x7D8FAD59;
	  f horizontal_meters = 4.000000;
	  f lod = 1.000000;
	  f near_plane = 0.100000;
		texture = Art\Bitmaps\Decals\b_d_jng01-a.%img%;
	  f vertical_meters = 4.000000;
	}
	[t:decal,n:*]
	{
		decal_orientation = 0.000000,-1.000000,0.000000,0.000000,0.000000,-1.000000,1.000000,0.000000,0.000000;
		decal_origin = -3.895864,-0.650000,3.812166,0x5B8A7696;
	  f far_plane = 1.100000;
	  x guid = 0x872ABEFC;
	  f horizontal_meters = 4.000000;
	  f lod = 1.000000;
	  f near_plane = 0.100000;
		texture = Art\Bitmaps\Decals\b_d_jng01-a.%img%;
	  f vertical_meters = 4.000000;
	}
	[t:decal,n:*]
	{
		decal_orientation = 0.000000,-1.000000,0.000000,0.000000,0.000000,-1.000000,1.000000,0.000000,0.000000;
		decal_origin = 3.339258,-0.650000,3.538822,0x5B8A7696;
	  f far_plane = 1.100000;
	  x guid = 0x5D6A6CA8;
	  f horizontal_meters = 4.000000;
	  f lod = 1.000000;
	  f near_plane = 0.100000;
		texture = Art\Bitmaps\Decals\b_d_jng01-a.%img%;
	  f vertical_meters = 4.000000;
	}
	[t:decal,n:*]
	{
		decal_orientation = 0.000000,-1.000000,0.000000,0.000000,0.000000,-1.000000,1.000000,0.000000,0.000000;
		decal_origin = 2.794768,-0.650002,-3.614708,0x5B8A7696;
	  f far_plane = 1.100000;
	  x guid = 0x505D8A49;
	  f horizontal_meters = 4.000000;
	  f lod = 1.000000;
	  f near_plane = 0.100000;
		texture = Art\Bitmaps\Decals\b_d_jng01-a.%img%;
	  f vertical_meters = 4.000000;
	}
	[t:decal,n:*]
	{
		decal_orientation = 0.000000,-1.000000,0.000000,0.000000,0.000000,-1.000000,1.000000,0.000000,0.000000;
		decal_origin = -1.967545,-0.649998,-3.477129,0x5B8A7696;
	  f far_plane = 1.100000;
	  x guid = 0xA659010D;
	  f horizontal_meters = 4.000000;
	  f lod = 1.000000;
	  f near_plane = 0.100000;
		texture = Art\Bitmaps\Decals\b_d_jng01-a.%img%;
	  f vertical_meters = 4.000000;
	}
	[t:decal,n:*]
	{
		decal_orientation = 0.000000,-1.000000,0.000000,0.000000,0.000000,-1.000000,1.000000,0.000000,0.000000;
		decal_origin = -3.735574,-0.650002,-2.929203,0x5B8A7696;
	  f far_plane = 1.100000;
	  x guid = 0xEA207CCB;
	  f horizontal_meters = 4.000000;
	  f lod = 1.000000;
	  f near_plane = 0.100000;
		texture = Art\Bitmaps\Decals\b_d_jng01-a.%img%;
	  f vertical_meters = 4.000000;
	}
	[t:decal,n:*]
	{
		decal_orientation = 0.000000,-1.000000,0.000000,0.000000,0.000000,-1.000000,1.000000,0.000000,0.000000;
		decal_origin = -1.474526,-0.350000,0.247206,0x5B8A7696;
	  f far_plane = 1.100000;
	  x guid = 0x1AA721AA;
	  f horizontal_meters = 4.000000;
	  f lod = 1.000000;
	  f near_plane = 0.100000;
		texture = Art\Bitmaps\Decals\b_d_dust-a.%img%;
	  f vertical_meters = 4.000000;
	}
	[t:decal,n:*]
	{
		decal_orientation = 0.000000,-1.000000,0.000000,0.000000,0.000000,-1.000000,1.000000,0.000000,0.000000;
		decal_origin = 1.023924,-0.349998,0.779240,0x5B8A7696;
	  f far_plane = 1.100000;
	  x guid = 0x651FFFF3;
	  f horizontal_meters = 4.000000;
	  f lod = 1.000000;
	  f near_plane = 0.100000;
		texture = Art\Bitmaps\Decals\b_d_dust-a.%img%;
	  f vertical_meters = 4.000000;
	}
	[t:decal,n:*]
	{
		decal_orientation = 0.410229,-0.740017,-0.532998,0.000000,0.584439,-0.811437,0.911983,0.332875,0.239754;
		decal_origin = 2.179535,1.429592,0.964879,0xA5DF64B1;
	  f far_plane = 1.100000;
	  x guid = 0xB1731A61;
	  f horizontal_meters = 4.000000;
	  f lod = 1.000000;
	  f near_plane = 0.100000;
		texture = Art\Bitmaps\Decals\b_d_jng01-a.%img%;
	  f vertical_meters = 4.000000;
	}
	[t:decal,n:*]
	{
		decal_orientation = 0.515196,-0.652728,-0.555446,0.000000,0.648073,-0.761578,0.857072,0.392362,0.333885;
		decal_origin = 2.402177,0.499674,-0.998079,0xA5DF64B1;
	  f far_plane = 1.100000;
	  x guid = 0x3E6ABB55;
	  f horizontal_meters = 4.000000;
	  f lod = 1.000000;
	  f near_plane = 0.100000;
		texture = Art\Bitmaps\Decals\b_d_jng01-a.%img%;
	  f vertical_meters = 4.000000;
	}
	[t:decal,n:*]
	{
		decal_orientation = 0.325350,-0.743554,-0.584187,0.000000,0.617800,-0.786336,0.945594,0.255834,0.201001;
		decal_origin = 1.116776,1.265118,-2.105552,0xA5DF64B1;
	  f far_plane = 1.100000;
	  x guid = 0x7834B77E;
	  f horizontal_meters = 4.000000;
	  f lod = 1.000000;
	  f near_plane = 0.100000;
		texture = Art\Bitmaps\Decals\b_d_jng01-a.%img%;
	  f vertical_meters = 4.000000;
	}
	[t:decal,n:*]
	{
		decal_orientation = 0.270858,-0.733077,-0.623886,0.000000,0.648113,-0.761545,0.962619,0.206271,0.175547;
		decal_origin = 1.200510,1.472162,-1.020835,0xA5DF64B1;
	  f far_plane = 1.100000;
	  x guid = 0xBE5999EF;
	  f horizontal_meters = 4.000000;
	  f lod = 1.000000;
	  f near_plane = 0.100000;
		texture = Art\Bitmaps\Decals\b_d_jng01-a.%img%;
	  f vertical_meters = 4.000000;
	}
	[t:decal,n:*]
	{
		decal_orientation = 0.325350,-0.743554,-0.584187,0.000000,0.617800,-0.786336,0.945594,0.255834,0.201001;
		decal_origin = 0.339246,1.779238,-2.354086,0xA5DF64B1;
	  f far_plane = 1.100000;
	  x guid = 0x48CE83C6;
	  f horizontal_meters = 4.000000;
	  f lod = 1.000000;
	  f near_plane = 0.100000;
		texture = Art\Bitmaps\Decals\b_d_jng01-a.%img%;
	  f vertical_meters = 4.000000;
	}
	[t:decal,n:*]
	{
		decal_orientation = -0.460704,0.685973,0.563199,0.000000,0.634552,-0.772881,-0.887554,-0.356069,-0.292340;
		decal_origin = -2.625933,1.139246,-1.062193,0xA5DF64B1;
	  f far_plane = 1.100000;
	  x guid = 0x850C1546;
	  f horizontal_meters = 4.000000;
	  f lod = 1.000000;
	  f near_plane = 0.100000;
		texture = Art\Bitmaps\Decals\b_d_jng01-a.%img%;
	  f vertical_meters = 4.000000;
	}
	[t:decal,n:*]
	{
		decal_orientation = -0.565919,0.668139,0.483039,0.000000,0.585885,-0.810395,-0.824461,-0.458618,-0.331563;
		decal_origin = -1.440388,1.289736,0.453208,0xA5DF64B1;
	  f far_plane = 1.100000;
	  x guid = 0xC0D8311F;
	  f horizontal_meters = 4.000000;
	  f lod = 1.000000;
	  f near_plane = 0.100000;
		texture = Art\Bitmaps\Decals\b_d_jng01-a.%img%;
	  f vertical_meters = 4.000000;
	}
	[t:decal,n:*]
	{
		decal_orientation = -0.269539,0.772848,0.574504,0.000000,0.596584,-0.802551,-0.962989,-0.216319,-0.160803;
		decal_origin = -0.905553,1.260616,2.528252,0xA5DF64B1;
	  f far_plane = 1.100000;
	  x guid = 0x93C5AF60;
	  f horizontal_meters = 4.000000;
	  f lod = 1.000000;
	  f near_plane = 0.100000;
		texture = Art\Bitmaps\Decals\b_d_jng01-a.%img%;
	  f vertical_meters = 4.000000;
	}
	[t:decal,n:*]
	{
		decal_orientation = -0.460704,0.685973,0.563199,0.000000,0.634552,-0.772881,-0.887554,-0.356069,-0.292340;
		decal_origin = -2.722420,0.616169,0.134812,0xA5DF64B1;
	  f far_plane = 1.100000;
	  x guid = 0xE74FB582;
	  f horizontal_meters = 4.000000;
	  f lod = 1.000000;
	  f near_plane = 0.100000;
		texture = Art\Bitmaps\Decals\b_d_jng01-a.%img%;
	  f vertical_meters = 4.000000;
	}
	[t:decal,n:*]
	{
		decal_orientation = 0.000000,-1.000000,0.000000,0.000000,0.000000,-1.000000,1.000000,0.000000,0.000000;
		decal_origin = 1.730414,1.000000,-1.790374,0x9D14ED5E;
	  f far_plane = 1.100000;
	  x guid = 0x58046103;
	  f horizontal_meters = 4.000000;
	  f lod = 1.000000;
	  f near_plane = 0.100000;
		texture = Art\Bitmaps\Decals\b_d_jng01-a.%img%;
	  f vertical_meters = 4.000000;
	}
	[t:decal,n:*]
	{
		decal_orientation = 0.000000,-1.000000,0.000000,0.000000,0.000000,-1.000000,1.000000,0.000000,0.000000;
		decal_origin = -1.575677,0.999998,1.028364,0x880D423E;
	  f far_plane = 1.100000;
	  x guid = 0xFCA9757A;
	  f horizontal_meters = 4.000000;
	  f lod = 1.000000;
	  f near_plane = 0.100000;
		texture = Art\Bitmaps\Decals\b_d_jng01-a.%img%;
	  f vertical_meters = 4.000000;
	}
	[t:decal,n:*]
	{
		decal_orientation = 0.000000,-1.000000,0.000000,0.000000,0.000000,-1.000000,1.000000,0.000000,0.000000;
		decal_origin = -1.568241,1.000000,0.035045,0x8344AD15;
	  f far_plane = 1.100000;
	  x guid = 0xC10F58EC;
	  f horizontal_meters = 4.000000;
	  f lod = 1.000000;
	  f near_plane = 0.100000;
		texture = Art\Bitmaps\Decals\b_d_jng01-a.%img%;
	  f vertical_meters = 4.000000;
	}
	[t:decal,n:*]
	{
		decal_orientation = 0.000000,-1.000000,0.000000,0.000000,0.000000,-1.000000,1.000000,0.000000,0.000000;
		decal_origin = 0.019241,0.999996,-1.555496,0x61CE367E;
	  f far_plane = 1.100000;
	  x guid = 0xCE29FD63;
	  f horizontal_meters = 4.000000;
	  f lod = 1.000000;
	  f near_plane = 0.100000;
		texture = Art\Bitmaps\Decals\b_d_jng01-a.%img%;
	  f vertical_meters = 4.000000;
	}
	[t:decal,n:*]
	{
		decal_orientation = 0.000000,-1.000000,0.000000,0.000000,0.000000,-1.000000,1.000000,0.000000,0.000000;
		decal_origin = -0.175891,1.000000,-1.102552,0x386584A2;
	  f far_plane = 1.100000;
	  x guid = 0x28099AE9;
	  f horizontal_meters = 4.000000;
	  f lod = 1.000000;
	  f near_plane = 0.100000;
		texture = art\bitmaps\decals\b_d_jng01-path.raw;
	  f vertical_meters = 4.000000;
	}
	[t:decal,n:*]
	{
		decal_orientation = -0.000000,1.000000,0.000000,0.000000,0.000000,-1.000000,-1.000000,-0.000000,-0.000000;
		decal_origin = -3.931593,3.000000,2.308243,0x35A44B28;
	  f far_plane = 1.100000;
	  x guid = 0x70B8D15E;
	  f horizontal_meters = 4.000000;
	  f lod = 1.000000;
	  f near_plane = 0.100000;
		texture = art\bitmaps\decals\b_d_jng01-path.raw;
	  f vertical_meters = 4.000000;
	}
	[t:decal,n:*]
	{
		decal_orientation = 0.968493,-0.227432,-0.101470,0.000000,0.407443,-0.913231,0.249041,0.884457,0.394606;
		decal_origin = -3.353557,2.181385,1.293777,0x35A44B28;
	  f far_plane = 1.100000;
	  x guid = 0xA7660D92;
	  f horizontal_meters = 4.000000;
	  f lod = 1.000000;
	  f near_plane = 0.100000;
		texture = art\bitmaps\decals\b_d_jng01-path.raw;
	  f vertical_meters = 4.000000;
	}
	[t:decal,n:*]
	{
		decal_orientation = 0.747409,-0.576337,-0.330477,0.000000,0.497434,-0.867502,0.664364,0.648379,0.371787;
		decal_origin = -1.501477,1.344373,-0.876379,0x35A44B28;
	  f far_plane = 1.100000;
	  x guid = 0xEFCAD4CD;
	  f horizontal_meters = 4.000000;
	  f lod = 1.000000;
	  f near_plane = 0.100000;
		texture = art\bitmaps\decals\b_d_jng01-path.raw;
	  f vertical_meters = 4.000000;
	}
	[t:decal,n:*]
	{
		decal_orientation = 0.000000,-1.000000,0.000000,0.000000,0.000000,-1.000000,1.000000,0.000000,0.000000;
		decal_origin = -1.347454,1.000000,-1.331321,0xC5A17077;
	  f far_plane = 1.100000;
	  x guid = 0xFF5782D4;
	  f horizontal_meters = 4.000000;
	  f lod = 1.000000;
	  f near_plane = 0.100000;
		texture = art\bitmaps\decals\b_d_jng01-path.raw;
	  f vertical_meters = 4.000000;
	}
	[t:decal,n:*]
	{
		decal_orientation = 1.000000,0.000000,0.000000,0.000000,0.000000,-1.000000,-0.000000,1.000000,0.000000;
		decal_origin = 1.717017,1.000000,-0.414594,0xD75A79C4;
	  f far_plane = 1.100000;
	  x guid = 0x51C7132A;
	  f horizontal_meters = 4.000000;
	  f lod = 1.000000;
	  f near_plane = 0.100000;
		texture = art\bitmaps\decals\b_d_jng01-path.raw;
	  f vertical_meters = 4.000000;
	}
	[t:decal,n:*]
	{
		decal_orientation = 0.707107,-0.707107,0.000000,0.000000,0.000000,-1.000000,0.707107,0.707107,0.000000;
		decal_origin = -0.987936,1.000000,1.334301,0x4420905A;
	  f far_plane = 1.100000;
	  x guid = 0x7030C073;
	  f horizontal_meters = 4.000000;
	  f lod = 1.000000;
	  f near_plane = 0.100000;
		texture = art\bitmaps\decals\b_d_jng01-path.raw;
	  f vertical_meters = 4.000000;
	}
	[t:decal,n:*]
	{
		decal_orientation = 0.000000,-1.000000,0.000000,0.000000,0.000000,-1.000000,1.000000,0.000000,0.000000;
		decal_origin = 0.126196,1.000000,-0.140733,0x6383ED75;
	  f far_plane = 1.100000;
	  x guid = 0x076C3546;
	  f horizontal_meters = 4.000000;
	  f lod = 1.000000;
	  f near_plane = 0.100000;
		texture = art\bitmaps\decals\b_d_jng01-path.raw;
	  f vertical_meters = 4.000000;
	}
	[t:decal,n:*]
	{
		decal_orientation = 0.747409,-0.576337,-0.330477,0.000000,0.497434,-0.867502,0.664364,0.648379,0.371787;
		decal_origin = -1.590204,1.592693,-0.375834,0xCC1262BD;
	  f far_plane = 1.100000;
	  x guid = 0x3ACA7C1D;
	  f horizontal_meters = 4.000000;
	  f lod = 1.000000;
	  f near_plane = 0.100000;
		texture = art\bitmaps\decals\b_d_jng01-path.raw;
	  f vertical_meters = 4.000000;
	}
	[t:decal,n:*]
	{
		decal_orientation = 0.328012,-0.876118,-0.353306,0.000000,0.373998,-0.927429,0.944674,0.304208,0.122676;
		decal_origin = -1.666980,1.805517,0.733269,0xCC1262BD;
	  f far_plane = 1.100000;
	  x guid = 0x4E0BE074;
	  f horizontal_meters = 4.000000;
	  f lod = 1.000000;
	  f near_plane = 0.100000;
		texture = art\bitmaps\decals\b_d_jng01-path.raw;
	  f vertical_meters = 4.000000;
	}
	[t:decal,n:*]
	{
		decal_orientation = 0.964764,-0.245953,-0.093476,0.000000,0.355266,-0.934765,0.263117,0.901828,0.342747;
		decal_origin = 2.686918,-1.045549,-4.127219,0xCC1262BD;
	  f far_plane = 1.100000;
	  x guid = 0xCBEDF257;
	  f horizontal_meters = 4.000000;
	  f lod = 1.000000;
	  f near_plane = 0.100000;
		texture = art\bitmaps\decals\b_d_jng01-path.raw;
	  f vertical_meters = 4.000000;
	}
	[t:decal,n:*]
	{
		decal_orientation = -0.490261,-0.865895,-0.099348,0.000000,0.113987,-0.993482,0.871576,-0.487066,-0.055883;
		decal_origin = 2.676009,-0.974572,-3.281670,0xCC1262BD;
	  f far_plane = 1.100000;
	  x guid = 0x2B219ABD;
	  f horizontal_meters = 4.000000;
	  f lod = 1.000000;
	  f near_plane = 0.100000;
		texture = art\bitmaps\decals\b_d_jng01-path.raw;
	  f vertical_meters = 4.000000;
	}
	[t:decal,n:*]
	{
		decal_orientation = 1.000000,0.000000,0.000000,0.000000,0.000000,-1.000000,-0.000000,1.000000,0.000000;
		decal_origin = -1.112619,1.000002,-1.681512,0x138DF255;
	  f far_plane = 1.100000;
	  x guid = 0x7DB0E348;
	  f horizontal_meters = 4.000000;
	  f lod = 1.000000;
	  f near_plane = 0.100000;
		texture = art\bitmaps\decals\b_d_jng01-path.raw;
	  f vertical_meters = 4.000000;
	}
	[t:decal,n:*]
	{
		decal_orientation = 1.000000,0.000000,0.000000,0.000000,0.000000,-1.000000,-0.000000,1.000000,0.000000;
		decal_origin = -1.956376,2.950001,0.547966,0x4117B9BC;
	  f far_plane = 1.100000;
	  x guid = 0x134CBA28;
	  f horizontal_meters = 4.000000;
	  f lod = 1.000000;
	  f near_plane = 0.100000;
		texture = art\bitmaps\decals\b_d_jng01-path.raw;
	  f vertical_meters = 4.000000;
	}
	[t:decal,n:*]
	{
		decal_orientation = 0.000000,-1.000000,0.000000,0.000000,0.000000,-1.000000,1.000000,0.000000,0.000000;
		decal_origin = -1.119512,1.000000,0.294197,0x714DC4DB;
	  f far_plane = 1.100000;
	  x guid = 0xE9F54E16;
	  f horizontal_meters = 4.000000;
	  f lod = 1.000000;
	  f near_plane = 0.100000;
		texture = art\bitmaps\decals\b_d_jng01-path.raw;
	  f vertical_meters = 4.000000;
	}
	[t:decal,n:*]
	{
		decal_orientation = 0.707107,-0.707107,0.000000,0.000000,0.000000,-1.000000,0.707107,0.707107,0.000000;
		decal_origin = 1.798006,1.000000,-1.445037,0x90D897C4;
	  f far_plane = 1.100000;
	  x guid = 0xB7A6EC40;
	  f horizontal_meters = 4.000000;
	  f lod = 1.000000;
	  f near_plane = 0.100000;
		texture = art\bitmaps\decals\b_d_jng01-path.raw;
	  f vertical_meters = 4.000000;
	}
	[t:decal,n:*]
	{
		decal_orientation = -0.000000,-1.000000,-0.000000,-0.000000,0.000000,-1.000000,1.000000,0.000000,-0.000000;
		decal_origin = 0.456225,1.000000,-0.412673,0x9CAA7C28;
	  f far_plane = 1.100000;
	  x guid = 0x94EE04A5;
	  f horizontal_meters = 4.000000;
	  f lod = 1.000000;
	  f near_plane = 0.100000;
		texture = art\bitmaps\decals\b_d_jng01-path.raw;
	  f vertical_meters = 4.000000;
	}
	[t:decal,n:*]
	{
		decal_orientation = 0.000000,-1.000000,0.000000,0.000000,0.000000,-1.000000,1.000000,0.000000,0.000000;
		decal_origin = 0.417418,1.000000,0.900663,0x16D4F3A6;
	  f far_plane = 1.100000;
	  x guid = 0x3D1E74AD;
	  f horizontal_meters = 4.000000;
	  f lod = 1.000000;
	  f near_plane = 0.100000;
		texture = art\bitmaps\decals\b_d_jng01-path.raw;
	  f vertical_meters = 4.000000;
	}
	[t:decal,n:*]
	{
		decal_orientation = 1.000000,0.000000,0.000000,0.000000,0.000000,-1.000000,-0.000000,1.000000,0.000000;
		decal_origin = -0.120268,1.000000,0.559534,0x2ABF5498;
	  f far_plane = 1.100000;
	  x guid = 0x764C8FF6;
	  f horizontal_meters = 4.000000;
	  f lod = 1.000000;
	  f near_plane = 0.100000;
		texture = art\bitmaps\decals\b_d_jng01-path.raw;
	  f vertical_meters = 4.000000;
	}
	[t:decal,n:*]
	{
		decal_orientation = 0.000000,-1.000000,0.000000,0.000000,0.000000,-1.000000,1.000000,0.000000,0.000000;
		decal_origin = -0.776578,1.000000,-1.145476,0x45B4786D;
	  f far_plane = 1.100000;
	  x guid = 0x8EB86324;
	  f horizontal_meters = 4.000000;
	  f lod = 1.000000;
	  f near_plane = 0.100000;
		texture = art\bitmaps\decals\b_d_jng01-path.raw;
	  f vertical_meters = 4.000000;
	}
	[t:decal,n:*]
	{
		decal_orientation = -1.000000,0.000000,-0.000000,-0.000000,-0.000000,-1.000000,-0.000000,-1.000000,0.000000;
		decal_origin = -1.459484,0.999998,-0.790455,0xD25E909A;
	  f far_plane = 1.100000;
	  x guid = 0x136B7864;
	  f horizontal_meters = 4.000000;
	  f lod = 1.000000;
	  f near_plane = 0.100000;
		texture = art\bitmaps\decals\b_d_jng01-path.raw;
	  f vertical_meters = 4.000000;
	}
	[t:decal,n:*]
	{
		decal_orientation = -0.707107,-0.707107,0.000000,0.000000,-0.000000,-1.000000,0.707107,-0.707107,0.000000;
		decal_origin = 1.095171,1.000000,0.828017,0xD25E909A;
	  f far_plane = 1.100000;
	  x guid = 0x72929910;
	  f horizontal_meters = 4.000000;
	  f lod = 1.000000;
	  f near_plane = 0.100000;
		texture = art\bitmaps\decals\b_d_jng01-path.raw;
	  f vertical_meters = 4.000000;
	}
	[t:decal,n:*]
	{
		decal_orientation = 0.000000,-1.000000,0.000000,0.000000,0.000000,-1.000000,1.000000,0.000000,0.000000;
		decal_origin = -0.904236,1.000000,0.447174,0x66CC56C0;
	  f far_plane = 1.100000;
	  x guid = 0x06736E81;
	  f horizontal_meters = 4.000000;
	  f lod = 1.000000;
	  f near_plane = 0.100000;
		texture = art\bitmaps\decals\b_d_jng01-path.raw;
	  f vertical_meters = 4.000000;
	}
	[t:decal,n:*]
	{
		decal_orientation = 0.104685,0.812539,0.573429,0.000000,0.576597,-0.817029,-0.994505,0.085530,0.060361;
		decal_origin = -1.993563,-0.859794,-3.055426,0x979B6B44;
	  f far_plane = 1.100000;
	  x guid = 0x88D63535;
	  f horizontal_meters = 4.000000;
	  f lod = 1.000000;
	  f near_plane = 0.100000;
		texture = art\bitmaps\decals\b_d_jng01-path.raw;
	  f vertical_meters = 4.000000;
	}
	[t:decal,n:*]
	{
		decal_orientation = -0.490261,0.865895,0.099348,0.000000,0.113987,-0.993482,-0.871576,-0.487066,-0.055883;
		decal_origin = -2.606307,-0.957293,-3.464913,0x979B6B44;
	  f far_plane = 1.100000;
	  x guid = 0x4F1B2310;
	  f horizontal_meters = 4.000000;
	  f lod = 1.000000;
	  f near_plane = 0.100000;
		texture = art\bitmaps\decals\b_d_jng01-path.raw;
	  f vertical_meters = 4.000000;
	}
	[t:decal,n:*]
	{
		decal_orientation = 0.708199,0.594451,0.380897,0.000000,0.539504,-0.841983,-0.706013,0.596291,0.382076;
		decal_origin = 1.394337,1.565156,-0.421752,0x979B6B44;
	  f far_plane = 1.100000;
	  x guid = 0x0FAADF8C;
	  f horizontal_meters = 4.000000;
	  f lod = 1.000000;
	  f near_plane = 0.100000;
		texture = art\bitmaps\decals\b_d_jng01-path.raw;
	  f vertical_meters = 4.000000;
	}
	[t:decal,n:*]
	{
		decal_orientation = 0.116167,0.903890,0.411690,0.000000,0.414496,-0.910051,-0.993230,0.105718,0.048151;
		decal_origin = 1.815100,1.909263,0.967947,0x979B6B44;
	  f far_plane = 1.100000;
	  x guid = 0x9023ACB2;
	  f horizontal_meters = 4.000000;
	  f lod = 1.000000;
	  f near_plane = 0.100000;
		texture = art\bitmaps\decals\b_d_jng01-path.raw;
	  f vertical_meters = 4.000000;
	}
	[t:decal,n:*]
	{
		decal_orientation = 0.968493,0.227432,0.101470,0.000000,0.407443,-0.913231,-0.249041,0.884457,0.394606;
		decal_origin = 1.171224,1.625765,0.438565,0x979B6B44;
	  f far_plane = 1.100000;
	  x guid = 0x684995F4;
	  f horizontal_meters = 4.000000;
	  f lod = 1.000000;
	  f near_plane = 0.100000;
		texture = art\bitmaps\decals\b_d_jng01-path.raw;
	  f vertical_meters = 4.000000;
	}
	[t:decal,n:*]
	{
		decal_orientation = 0.236351,0.945266,0.224966,0.000000,0.231526,-0.972829,-0.971668,0.229929,0.054722;
		decal_origin = 3.208385,2.889016,2.784816,0x979B6B44;
	  f far_plane = 1.100000;
	  x guid = 0xF1A527C4;
	  f horizontal_meters = 4.000000;
	  f lod = 1.000000;
	  f near_plane = 0.100000;
		texture = art\bitmaps\decals\b_d_jng01-path.raw;
	  f vertical_meters = 4.000000;
	}
	[t:decal,n:*]
	{
		decal_orientation = 0.993884,-0.099358,-0.048199,0.000000,0.436464,-0.899722,0.110431,0.894219,0.433794;
		decal_origin = 3.058380,2.594945,2.209278,0x979B6B44;
	  f far_plane = 1.100000;
	  x guid = 0xE6A3FC05;
	  f horizontal_meters = 4.000000;
	  f lod = 1.000000;
	  f near_plane = 0.100000;
		texture = art\bitmaps\decals\b_d_jng01-path.raw;
	  f vertical_meters = 4.000000;
	}
	[t:decal,n:*]
	{
		decal_orientation = -0.937749,-0.345603,-0.034432,0.000000,0.099137,-0.995074,0.347314,-0.933129,-0.092966;
		decal_origin = -1.504515,2.954899,1.817045,0x50703843;
	  f far_plane = 1.100000;
	  x guid = 0x3090DCBA;
	  f horizontal_meters = 4.000000;
	  f lod = 1.000000;
	  f near_plane = 0.100000;
		texture = art\bitmaps\decals\b_d_jng01-path.raw;
	  f vertical_meters = 4.000000;
	}
	[t:decal,n:*]
	{
		decal_orientation = 0.000000,-1.000000,0.000000,0.000000,0.000000,-1.000000,1.000000,0.000000,0.000000;
		decal_origin = 0.817446,1.000000,-1.399987,0x5F505271;
	  f far_plane = 1.100000;
	  x guid = 0xDD699B6B;
	  f horizontal_meters = 4.000000;
	  f lod = 1.000000;
	  f near_plane = 0.100000;
		texture = art\bitmaps\decals\b_d_jng01-path.raw;
	  f vertical_meters = 4.000000;
	}
	[t:decal,n:*]
	{
		decal_orientation = 0.000000,-1.000000,0.000000,0.000000,0.000000,-1.000000,1.000000,0.000000,0.000000;
		decal_origin = 0.223854,1.000000,0.523111,0xB96AF411;
	  f far_plane = 1.100000;
	  x guid = 0x9CAA155F;
	  f horizontal_meters = 4.000000;
	  f lod = 1.000000;
	  f near_plane = 0.100000;
		texture = art\bitmaps\decals\b_d_jng01-path.raw;
	  f vertical_meters = 4.000000;
	}
	[t:decal,n:*]
	{
		decal_orientation = 0.000000,-1.000000,0.000000,0.000000,0.000000,-1.000000,1.000000,0.000000,0.000000;
		decal_origin = 0.595054,1.000002,-1.458318,0x7C5299B8;
	  f far_plane = 1.100000;
	  x guid = 0xD4D0AADC;
	  f horizontal_meters = 4.000000;
	  f lod = 1.000000;
	  f near_plane = 0.100000;
		texture = art\bitmaps\decals\b_d_jng01-path.raw;
	  f vertical_meters = 4.000000;
	}
	[t:decal,n:*]
	{
		decal_orientation = -0.707107,-0.707107,0.000000,0.000000,-0.000000,-1.000000,0.707107,-0.707107,0.000000;
		decal_origin = 1.995040,1.000002,0.250691,0x3D243F49;
	  f far_plane = 1.100000;
	  x guid = 0x0BC57D91;
	  f horizontal_meters = 4.000000;
	  f lod = 1.000000;
	  f near_plane = 0.100000;
		texture = art\bitmaps\decals\b_d_jng01-path.raw;
	  f vertical_meters = 4.000000;
	}
	[t:decal,n:*]
	{
		decal_orientation = 0.000000,-1.000000,0.000000,0.000000,0.000000,-1.000000,1.000000,0.000000,0.000000;
		decal_origin = 0.361947,1.000002,1.729671,0x511F903B;
	  f far_plane = 1.100000;
	  x guid = 0x79BCB265;
	  f horizontal_meters = 4.000000;
	  f lod = 1.000000;
	  f near_plane = 0.100000;
		texture = art\bitmaps\decals\b_d_jng01-path.raw;
	  f vertical_meters = 4.000000;
	}
	[t:decal,n:*]
	{
		decal_orientation = 0.000000,-1.000000,0.000000,0.000000,0.000000,-1.000000,1.000000,0.000000,0.000000;
		decal_origin = 0.188449,1.000000,-0.521429,0xD51DB094;
	  f far_plane = 1.100000;
	  x guid = 0x4C9BE219;
	  f horizontal_meters = 4.000000;
	  f lod = 1.000000;
	  f near_plane = 0.100000;
		texture = art\bitmaps\decals\b_d_jng01-path.raw;
	  f vertical_meters = 4.000000;
	}
	[t:decal,n:*]
	{
		decal_orientation = 0.000000,-1.000000,0.000000,0.000000,0.000000,-1.000000,1.000000,0.000000,0.000000;
		decal_origin = -1.356737,1.000000,1.636333,0x02AF2C13;
	  f far_plane = 1.100000;
	  x guid = 0x0375805E;
	  f horizontal_meters = 4.000000;
	  f lod = 1.000000;
	  f near_plane = 0.100000;
		texture = art\bitmaps\decals\b_d_jng01-path.raw;
	  f vertical_meters = 4.000000;
	}
	[t:decal,n:*]
	{
		decal_orientation = 0.000000,-1.000000,0.000000,0.000000,0.000000,-1.000000,1.000000,0.000000,0.000000;
		decal_origin = 0.335777,1.000000,-0.445112,0xA39F16FD;
	  f far_plane = 1.100000;
	  x guid = 0x5E3DFDAA;
	  f horizontal_meters = 4.000000;
	  f lod = 1.000000;
	  f near_plane = 0.100000;
		texture = art\bitmaps\decals\b_d_jng01-path.raw;
	  f vertical_meters = 4.000000;
	}
	[t:decal,n:*]
	{
		decal_orientation = 0.000000,-1.000000,0.000000,0.000000,0.000000,-1.000000,1.000000,0.000000,0.000000;
		decal_origin = 0.579412,1.000000,1.791044,0xD855044B;
	  f far_plane = 1.100000;
	  x guid = 0x0DB386EF;
	  f horizontal_meters = 4.000000;
	  f lod = 1.000000;
	  f near_plane = 0.100000;
		texture = art\bitmaps\decals\b_d_jng01-path.raw;
	  f vertical_meters = 4.000000;
	}
	[t:decal,n:*]
	{
		decal_orientation = 0.000000,-1.000000,0.000000,0.000000,0.000000,-1.000000,1.000000,0.000000,0.000000;
		decal_origin = -0.920314,1.000000,-0.968501,0x8F848062;
	  f far_plane = 1.100000;
	  x guid = 0x64ADE23F;
	  f horizontal_meters = 4.000000;
	  f lod = 1.000000;
	  f near_plane = 0.100000;
		texture = art\bitmaps\decals\b_d_jng01-path.raw;
	  f vertical_meters = 4.000000;
	}
	[t:decal,n:*]
	{
		decal_orientation = 0.000000,-1.000000,0.000000,0.000000,0.000000,-1.000000,1.000000,0.000000,0.000000;
		decal_origin = 0.774950,1.000000,-0.005707,0x4D62CE8B;
	  f far_plane = 1.100000;
	  x guid = 0x40B9B63E;
	  f horizontal_meters = 4.000000;
	  f lod = 1.000000;
	  f near_plane = 0.100000;
		texture = art\bitmaps\decals\b_d_jng01-path.raw;
	  f vertical_meters = 4.000000;
	}
	[t:decal,n:*]
	{
		decal_orientation = 0.000000,-1.000000,0.000000,0.000000,0.000000,-1.000000,1.000000,0.000000,0.000000;
		decal_origin = 1.406111,1.000000,-0.350119,0xC85765EB;
	  f far_plane = 1.100000;
	  x guid = 0x53CFFDA6;
	  f horizontal_meters = 4.000000;
	  f lod = 1.000000;
	  f near_plane = 0.100000;
		texture = art\bitmaps\decals\b_d_jng01-path.raw;
	  f vertical_meters = 4.000000;
	}
	[t:decal,n:*]
	{
		decal_orientation = 1.000000,0.000000,0.000000,0.000000,0.062378,-0.998053,0.000000,0.998053,0.062378;
		decal_origin = -1.441950,6.914061,1.393762,0xEEED14D5;
	  f far_plane = 1.100000;
	  x guid = 0xA8F4B6A8;
	  f horizontal_meters = 4.000000;
	  f lod = 1.000000;
	  f near_plane = 0.100000;
		texture = art\bitmaps\decals\b_d_jng01-path.raw;
	  f vertical_meters = 4.000000;
	}
	[t:decal,n:*]
	{
		decal_orientation = 0.000000,-1.000000,0.000000,0.000000,0.000000,-1.000000,1.000000,0.000000,0.000000;
		decal_origin = -1.221411,5.000002,0.882328,0x38D81E6D;
	  f far_plane = 1.100000;
	  x guid = 0xE89DEF36;
	  f horizontal_meters = 4.000000;
	  f lod = 1.000000;
	  f near_plane = 0.100000;
		texture = art\bitmaps\decals\b_d_jng01-path.raw;
	  f vertical_meters = 4.000000;
	}
	[t:decal,n:*]
	{
		decal_orientation = -0.490261,0.865895,0.099348,0.000000,0.113987,-0.993482,-0.871576,-0.487066,-0.055883;
		decal_origin = -2.536110,-0.967928,-3.151070,0x1D71ECC8;
	  f far_plane = 1.100000;
	  x guid = 0x9250717B;
	  f horizontal_meters = 4.000000;
	  f lod = 1.000000;
	  f near_plane = 0.100000;
		texture = art\bitmaps\decals\b_d_jng01-path.raw;
	  f vertical_meters = 4.000000;
	}
	[t:decal,n:*]
	{
		decal_orientation = 0.727076,0.537680,0.426920,0.000000,0.621828,-0.783154,-0.686557,0.569412,0.452116;
		decal_origin = -0.054059,0.242024,-1.773129,0x1D71ECC8;
	  f far_plane = 1.100000;
	  x guid = 0x438D1C90;
	  f horizontal_meters = 4.000000;
	  f lod = 1.000000;
	  f near_plane = 0.100000;
		texture = art\bitmaps\decals\b_d_jng01-path.raw;
	  f vertical_meters = 4.000000;
	}
	[t:decal,n:*]
	{
		decal_orientation = 0.980581,0.170633,0.096674,0.000000,0.492941,-0.870063,-0.196116,0.853167,0.483368;
		decal_origin = 2.164029,2.171254,1.426636,0x1D71ECC8;
	  f far_plane = 1.100000;
	  x guid = 0xDC3C97D9;
	  f horizontal_meters = 4.000000;
	  f lod = 1.000000;
	  f near_plane = 0.100000;
		texture = art\bitmaps\decals\b_d_jng01-path.raw;
	  f vertical_meters = 4.000000;
	}
	[t:decal,n:*]
	{
		decal_orientation = 0.000000,-1.000000,0.000000,0.000000,0.000000,-1.000000,1.000000,0.000000,0.000000;
		decal_origin = 1.579574,1.000002,-1.315634,0xF2A0C990;
	  f far_plane = 1.100000;
	  x guid = 0x1961F19F;
	  f horizontal_meters = 4.000000;
	  f lod = 1.000000;
	  f near_plane = 0.100000;
		texture = art\bitmaps\decals\b_d_jng01-path.raw;
	  f vertical_meters = 4.000000;
	}
	[t:decal,n:*]
	{
		decal_orientation = 0.707107,-0.707107,0.000000,0.000000,0.000000,-1.000000,0.707107,0.707107,0.000000;
		decal_origin = -0.100908,1.000000,0.726229,0x15F8A9F8;
	  f far_plane = 1.100000;
	  x guid = 0xE04888BE;
	  f horizontal_meters = 4.000000;
	  f lod = 1.000000;
	  f near_plane = 0.100000;
		texture = art\bitmaps\decals\b_d_jng01-path.raw;
	  f vertical_meters = 4.000000;
	}
	[t:decal,n:*]
	{
		decal_orientation = 0.000000,-1.000000,0.000000,0.000000,0.000000,-1.000000,1.000000,0.000000,0.000000;
		decal_origin = -0.396833,1.000000,-0.259559,0xCE3DA1A5;
	  f far_plane = 1.100000;
	  x guid = 0x7B8F7819;
	  f horizontal_meters = 4.000000;
	  f lod = 1.000000;
	  f near_plane = 0.100000;
		texture = art\bitmaps\decals\b_d_jng01-path.raw;
	  f vertical_meters = 4.000000;
	}
	[t:decal,n:*]
	{
		decal_orientation = -0.755033,-0.653282,-0.056107,0.000000,0.085571,-0.996332,0.655687,-0.752264,-0.064609;
		decal_origin = -0.349780,0.026745,-1.766377,0xE0384A8D;
	  f far_plane = 1.100000;
	  x guid = 0x89EF0F66;
	  f horizontal_meters = 4.000000;
	  f lod = 1.000000;
	  f near_plane = 0.100000;
		texture = art\bitmaps\decals\b_d_jng01-path.raw;
	  f vertical_meters = 4.000000;
	}
	[t:decal,n:*]
	{
		decal_orientation = 0.104685,0.812539,0.573429,0.000000,0.576597,-0.817029,-0.994505,0.085530,0.060361;
		decal_origin = -1.862639,-0.697919,-2.108045,0xE0384A8D;
	  f far_plane = 1.100000;
	  x guid = 0x41F8BCA5;
	  f horizontal_meters = 4.000000;
	  f lod = 1.000000;
	  f near_plane = 0.100000;
		texture = art\bitmaps\decals\b_d_jng01-path.raw;
	  f vertical_meters = 4.000000;
	}
	[t:decal,n:*]
	{
		decal_orientation = 0.980581,0.170633,0.096674,0.000000,0.492941,-0.870063,-0.196116,0.853167,0.483368;
		decal_origin = 2.033653,2.268825,1.628340,0xE0384A8D;
	  f far_plane = 1.100000;
	  x guid = 0xE6A8A25D;
	  f horizontal_meters = 4.000000;
	  f lod = 1.000000;
	  f near_plane = 0.100000;
		texture = art\bitmaps\decals\b_d_jng01-path.raw;
	  f vertical_meters = 4.000000;
	}
	[t:decal,n:*]
	{
		decal_orientation = 0.707107,-0.707107,0.000000,0.000000,0.000000,-1.000000,0.707107,0.707107,0.000000;
		decal_origin = 1.281709,1.000000,-0.734991,0xBAD72A84;
	  f far_plane = 1.100000;
	  x guid = 0x26719A07;
	  f horizontal_meters = 4.000000;
	  f lod = 1.000000;
	  f near_plane = 0.100000;
		texture = art\bitmaps\decals\b_d_jng01-path.raw;
	  f vertical_meters = 4.000000;
	}
	[t:decal,n:*]
	{
		decal_orientation = 0.707107,-0.707107,0.000000,0.000000,0.000000,-1.000000,0.707107,0.707107,0.000000;
		decal_origin = 0.229967,0.999998,-0.716771,0xDDB95E10;
	  f far_plane = 1.100000;
	  x guid = 0xBD0C56A6;
	  f horizontal_meters = 4.000000;
	  f lod = 1.000000;
	  f near_plane = 0.100000;
		texture = art\bitmaps\decals\b_d_jng01-path.raw;
	  f vertical_meters = 4.000000;
	}
	[t:decal,n:*]
	{
		decal_orientation = 0.000000,-1.000000,0.000000,0.000000,0.000000,-1.000000,1.000000,0.000000,0.000000;
		decal_origin = 0.910788,0.999998,-1.936213,0x24B07172;
	  f far_plane = 1.100000;
	  x guid = 0xB8BADD96;
	  f horizontal_meters = 4.000000;
	  f lod = 1.000000;
	  f near_plane = 0.100000;
		texture = art\bitmaps\decals\b_d_jng01-path.raw;
	  f vertical_meters = 4.000000;
	}
	[t:decal,n:*]
	{
		decal_orientation = 0.707107,-0.707107,0.000000,0.000000,0.000000,-1.000000,0.707107,0.707107,0.000000;
		decal_origin = 0.019810,1.000000,-1.957645,0xCACDB730;
	  f far_plane = 1.100000;
	  x guid = 0x57E4651F;
	  f horizontal_meters = 4.000000;
	  f lod = 1.000000;
	  f near_plane = 0.100000;
		texture = art\bitmaps\decals\b_d_jng01-path.raw;
	  f vertical_meters = 4.000000;
	}
	[t:decal,n:*]
	{
		decal_orientation = 0.707107,-0.707107,0.000000,0.000000,0.000000,-1.000000,0.707107,0.707107,0.000000;
		decal_origin = -1.015141,0.999996,-1.263504,0x854A70F9;
	  f far_plane = 1.100000;
	  x guid = 0x497CCEBE;
	  f horizontal_meters = 4.000000;
	  f lod = 1.000000;
	  f near_plane = 0.100000;
		texture = art\bitmaps\decals\b_d_jng01-path.raw;
	  f vertical_meters = 4.000000;
	}
	[t:decal,n:*]
	{
		decal_orientation = 0.707107,-0.707107,0.000000,0.000000,0.000000,-1.000000,0.707107,0.707107,0.000000;
		decal_origin = 0.131552,0.999996,1.449663,0x944E0A9C;
	  f far_plane = 1.100000;
	  x guid = 0x559C5E01;
	  f horizontal_meters = 4.000000;
	  f lod = 1.000000;
	  f near_plane = 0.100000;
		texture = art\bitmaps\decals\b_d_jng01-path.raw;
	  f vertical_meters = 4.000000;
	}
	[t:decal,n:*]
	{
		decal_orientation = 0.000000,-1.000000,0.000000,0.000000,0.000000,-1.000000,1.000000,0.000000,0.000000;
		decal_origin = -0.488991,1.000000,-0.214723,0xD1F498B0;
	  f far_plane = 1.100000;
	  x guid = 0xCC1ED853;
	  f horizontal_meters = 4.000000;
	  f lod = 1.000000;
	  f near_plane = 0.100000;
		texture = art\bitmaps\decals\b_d_jng01-path.raw;
	  f vertical_meters = 4.000000;
	}
	[t:decal,n:*]
	{
		decal_orientation = 0.993884,-0.099358,-0.048199,0.000000,0.436464,-0.899722,0.110431,0.894219,0.433794;
		decal_origin = 2.838635,2.402240,1.785167,0x2DAD04AE;
	  f far_plane = 1.100000;
	  x guid = 0x9BAA9E71;
	  f horizontal_meters = 4.000000;
	  f lod = 1.000000;
	  f near_plane = 0.100000;
		texture = art\bitmaps\decals\b_d_jng01-path.raw;
	  f vertical_meters = 4.000000;
	}
	[t:decal,n:*]
	{
		decal_orientation = 0.116167,0.903890,0.411690,0.000000,0.414496,-0.910051,-0.993230,0.105718,0.048151;
		decal_origin = 1.590332,1.790437,0.643883,0x2DAD04AE;
	  f far_plane = 1.100000;
	  x guid = 0xBDFFCA14;
	  f horizontal_meters = 4.000000;
	  f lod = 1.000000;
	  f near_plane = 0.100000;
		texture = art\bitmaps\decals\b_d_jng01-path.raw;
	  f vertical_meters = 4.000000;
	}
	[t:decal,n:*]
	{
		decal_orientation = 0.000000,-1.000000,0.000000,0.000000,0.000000,-1.000000,1.000000,0.000000,0.000000;
		decal_origin = -0.449897,1.000000,1.389001,0xE54C6385;
	  f far_plane = 1.100000;
	  x guid = 0x88CF93C0;
	  f horizontal_meters = 4.000000;
	  f lod = 1.000000;
	  f near_plane = 0.100000;
		texture = art\bitmaps\decals\b_d_jng01-path.raw;
	  f vertical_meters = 4.000000;
	}
	[t:decal,n:*]
	{
		decal_orientation = -0.145494,0.947254,0.285553,0.000000,0.288624,-0.957442,-0.989359,-0.139302,-0.041993;
		decal_origin = -2.229078,-0.931737,-2.840689,0x2DAD04AE;
	  f far_plane = 1.100000;
	  x guid = 0x5D04EBDD;
	  f horizontal_meters = 4.000000;
	  f lod = 1.000000;
	  f near_plane = 0.100000;
		texture = art\bitmaps\decals\b_d_jng01-path.raw;
	  f vertical_meters = 4.000000;
	}
	[t:decal,n:*]
	{
		decal_orientation = 0.707107,-0.707107,0.000000,0.000000,0.000000,-1.000000,0.707107,0.707107,0.000000;
		decal_origin = -0.814475,1.000008,1.454852,0x84573AAC;
	  f far_plane = 1.100000;
	  x guid = 0xF20180A2;
	  f horizontal_meters = 4.000000;
	  f lod = 1.000000;
	  f near_plane = 0.100000;
		texture = art\bitmaps\decals\b_d_jng01-path.raw;
	  f vertical_meters = 4.000000;
	}
	[t:decal,n:*]
	{
		decal_orientation = 0.000000,-1.000000,0.000000,0.000000,0.000000,-1.000000,1.000000,0.000000,0.000000;
		decal_origin = 0.067157,1.000000,-1.268783,0x6B453B5D;
	  f far_plane = 1.100000;
	  x guid = 0x01288372;
	  f horizontal_meters = 4.000000;
	  f lod = 1.000000;
	  f near_plane = 0.100000;
		texture = art\bitmaps\decals\b_d_jng01-path.raw;
	  f vertical_meters = 4.000000;
	}
	[t:decal,n:*]
	{
		decal_orientation = 0.000000,-1.000000,0.000000,0.000000,0.000000,-1.000000,1.000000,0.000000,0.000000;
		decal_origin = 0.773445,1.000000,-1.160484,0x36C4F655;
	  f far_plane = 1.100000;
	  x guid = 0x61D8D2DA;
	  f horizontal_meters = 4.000000;
	  f lod = 1.000000;
	  f near_plane = 0.100000;
		texture = art\bitmaps\decals\b_d_jng01-path.raw;
	  f vertical_meters = 4.000000;
	}
	[t:decal,n:*]
	{
		decal_orientation = 0.000000,-1.000000,0.000000,0.000000,0.000000,-1.000000,1.000000,0.000000,0.000000;
		decal_origin = -0.003827,1.000000,-1.716045,0x896A1785;
	  f far_plane = 1.100000;
	  x guid = 0xC3138600;
	  f horizontal_meters = 4.000000;
	  f lod = 1.000000;
	  f near_plane = 0.100000;
		texture = art\bitmaps\decals\b_d_jng01-path.raw;
	  f vertical_meters = 4.000000;
	}
	[t:decal,n:*]
	{
		decal_orientation = 0.000000,-1.000000,0.000000,0.000000,0.000000,-1.000000,1.000000,0.000000,0.000000;
		decal_origin = 1.447703,1.000000,-1.589458,0xBC3EDCC4;
	  f far_plane = 1.100000;
	  x guid = 0x13B30971;
	  f horizontal_meters = 4.000000;
	  f lod = 1.000000;
	  f near_plane = 0.100000;
		texture = art\bitmaps\decals\b_d_jng01-path.raw;
	  f vertical_meters = 4.000000;
	}
	[t:decal,n:*]
	{
		decal_orientation = 0.000000,-1.000000,0.000000,0.000000,0.000000,-1.000000,1.000000,0.000000,0.000000;
		decal_origin = -1.945485,1.000000,-1.122737,0xD4B581F4;
	  f far_plane = 1.100000;
	  x guid = 0xAB917339;
	  f horizontal_meters = 4.000000;
	  f lod = 1.000000;
	  f near_plane = 0.100000;
		texture = art\bitmaps\decals\b_d_jng01-path.raw;
	  f vertical_meters = 4.000000;
	}
	[t:decal,n:*]
	{
		decal_orientation = 0.000000,-1.000000,0.000000,0.000000,0.000000,-1.000000,1.000000,0.000000,0.000000;
		decal_origin = 0.934118,0.999996,-1.163950,0x4EE2BF3D;
	  f far_plane = 1.100000;
	  x guid = 0xDDEF0C17;
	  f horizontal_meters = 4.000000;
	  f lod = 1.000000;
	  f near_plane = 0.100000;
		texture = art\bitmaps\decals\b_d_jng01-path.raw;
	  f vertical_meters = 4.000000;
	}
	[t:decal,n:*]
	{
		decal_orientation = 0.000000,-1.000000,0.000000,0.000000,0.000000,-1.000000,1.000000,0.000000,0.000000;
		decal_origin = -0.030894,1.000000,0.838923,0x0F1F579D;
	  f far_plane = 1.100000;
	  x guid = 0x38170353;
	  f horizontal_meters = 4.000000;
	  f lod = 1.000000;
	  f near_plane = 0.100000;
		texture = art\bitmaps\decals\b_d_jng01-path.raw;
	  f vertical_meters = 4.000000;
	}
	[t:decal,n:*]
	{
		decal_orientation = 0.000000,-1.000000,0.000000,0.000000,0.000000,-1.000000,1.000000,0.000000,0.000000;
		decal_origin = -1.532681,1.000004,1.858518,0x2B5A6D27;
	  f far_plane = 1.100000;
	  x guid = 0xCA9BDE56;
	  f horizontal_meters = 4.000000;
	  f lod = 1.000000;
	  f near_plane = 0.100000;
		texture = art\bitmaps\decals\b_d_jng01-path.raw;
	  f vertical_meters = 4.000000;
	}
	[t:decal,n:*]
	{
