[decals]
{
	[t:decal,n:*]
	{
		decal_orientation = 0.000000,-1.000000,0.000000,0.000000,0.000000,-1.000000,1.000000,0.000000,0.000000;
		decal_origin = -0.352240,1.000000,-1.425510,0x029F5CED;
	  f far_plane = 1.100000;
	  x guid = 0x66AD56D2;
	  f horizontal_meters = 4.000000;
	  f lod = 1.000000;
	  f near_plane = 0.100000;
		texture = Art\Bitmaps\Decals\b_d_gr-trail-a.%img%;
	  f vertical_meters = 4.000000;
	}
	[t:decal,n:*]
	{
		decal_orientation = 0.000000,-1.000000,0.000000,0.000000,0.000000,-1.000000,1.000000,0.000000,0.000000;
		decal_origin = 0.662195,0.999998,0.476002,0x029F5CED;
	  f far_plane = 1.100000;
	  x guid = 0xD0291BF6;
	  f horizontal_meters = 4.000000;
	  f lod = 1.000000;
	  f near_plane = 0.100000;
		texture = Art\Bitmaps\Decals\b_d_gr-trail-a.%img%;
	  f vertical_meters = 4.000000;
	}
	[t:decal,n:*]
	{
		decal_orientation = 0.000000,-1.000000,0.000000,0.000000,0.000000,-1.000000,1.000000,0.000000,0.000000;
		decal_origin = 1.130930,1.000000,-0.701802,0x03C1845F;
	  f far_plane = 1.100000;
	  x guid = 0xCDBAB473;
	  f horizontal_meters = 4.000000;
	  f lod = 1.000000;
	  f near_plane = 0.100000;
		texture = Art\Bitmaps\Decals\b_d_gr-trail-a.%img%;
	  f vertical_meters = 4.000000;
	}
	[t:decal,n:*]
	{
		decal_orientation = 0.000000,-1.000000,0.000000,0.000000,0.000000,-1.000000,1.000000,0.000000,0.000000;
		decal_origin = 1.582772,6.999999,1.928413,0x87A7FDAF;
	  f far_plane = 1.100000;
	  x guid = 0xBC569029;
	  f horizontal_meters = 4.000000;
	  f lod = 1.000000;
	  f near_plane = 0.100000;
		texture = Art\Bitmaps\Decals\b_d_gr-trail-a.%img%;
	  f vertical_meters = 4.000000;
	}
	[t:decal,n:*]
	{
		decal_orientation = 0.000000,-1.000000,0.000000,0.000000,0.000000,-1.000000,1.000000,0.000000,0.000000;
		decal_origin = 0.259014,7.000000,-0.307240,0x87A7FDAF;
	  f far_plane = 1.100000;
	  x guid = 0x7C427F8A;
	  f horizontal_meters = 4.000000;
	  f lod = 1.000000;
	  f near_plane = 0.100000;
		texture = Art\Bitmaps\Decals\b_d_gr-trail-a.%img%;
	  f vertical_meters = 4.000000;
	}
	[t:decal,n:*]
	{
		decal_orientation = 0.000000,-1.000000,0.000000,0.000000,0.000000,-1.000000,1.000000,0.000000,0.000000;
		decal_origin = 2.271141,-1.000002,-2.650333,0x77A2EC45;
	  f far_plane = 1.100000;
	  x guid = 0x81927D18;
	  f horizontal_meters = 4.000000;
	  f lod = 1.000000;
	  f near_plane = 0.100000;
		texture = Art\Bitmaps\Decals\b_d_gr-trail-a.%img%;
	  f vertical_meters = 4.000000;
	}
	[t:decal,n:*]
	{
		decal_orientation = 0.531910,-0.740647,-0.410504,0.000000,0.484770,-0.874641,0.846801,0.465231,0.257854;
		decal_origin = 0.194985,0.116768,-1.964466,0x77A2EC45;
	  f far_plane = 1.100000;
	  x guid = 0x3A76FE09;
	  f horizontal_meters = 4.000000;
	  f lod = 1.000000;
	  f near_plane = 0.100000;
		texture = Art\Bitmaps\Decals\b_d_gr-trail-a.%img%;
	  f vertical_meters = 4.000000;
	}
	[t:decal,n:*]
	{
		decal_orientation = 0.328012,-0.876118,-0.353306,0.000000,0.373998,-0.927429,0.944674,0.304208,0.122676;
		decal_origin = -1.646037,1.786444,0.649362,0x77A2EC45;
	  f far_plane = 1.100000;
	  x guid = 0xBDA7A4F6;
	  f horizontal_meters = 4.000000;
	  f lod = 1.000000;
	  f near_plane = 0.100000;
		texture = Art\Bitmaps\Decals\b_d_gr-trail-a.%img%;
	  f vertical_meters = 4.000000;
	}
	[t:decal,n:*]
	{
		decal_orientation = 0.000000,-1.000000,0.000000,0.000000,0.000000,-1.000000,1.000000,0.000000,0.000000;
		decal_origin = -0.016316,7.000000,-0.806852,0x6206AAFF;
	  f far_plane = 1.100000;
	  x guid = 0xABCD2D00;
	  f horizontal_meters = 4.000000;
	  f lod = 1.000000;
	  f near_plane = 0.100000;
		texture = art\bitmaps\decals\b_d_gr-trail-a.raw;
	  f vertical_meters = 4.000000;
	}
	[t:decal,n:*]
	{
		decal_orientation = 0.231998,-0.852621,-0.468203,0.000000,0.481336,-0.876536,0.972716,0.203355,0.111669;
		decal_origin = 1.029529,-0.114621,-1.564024,0xF2054CE6;
	  f far_plane = 1.100000;
	  x guid = 0x99E1F35D;
	  f horizontal_meters = 4.000000;
	  f lod = 1.000000;
	  f near_plane = 0.100000;
		texture = art\bitmaps\decals\b_d_gr-trail-a.raw;
	  f vertical_meters = 4.000000;
	}
	[t:decal,n:*]
	{
		decal_orientation = 0.531910,-0.740647,-0.410504,0.000000,0.484770,-0.874641,0.846801,0.465231,0.257854;
		decal_origin = 0.135493,0.089430,-2.151920,0xF2054CE6;
	  f far_plane = 1.100000;
	  x guid = 0x5A00C8E2;
	  f horizontal_meters = 4.000000;
	  f lod = 1.000000;
	  f near_plane = 0.100000;
		texture = art\bitmaps\decals\b_d_gr-trail-a.raw;
	  f vertical_meters = 4.000000;
	}
	[t:decal,n:*]
	{
		decal_orientation = 0.863779,0.441463,0.242891,0.000000,0.482050,-0.876143,-0.503871,0.756794,0.416385;
		decal_origin = -1.137464,1.657699,0.652051,0xF2054CE6;
	  f far_plane = 1.100000;
	  x guid = 0x36F4EA4C;
	  f horizontal_meters = 4.000000;
	  f lod = 1.000000;
	  f near_plane = 0.100000;
		texture = art\bitmaps\decals\b_d_gr-trail-a.raw;
	  f vertical_meters = 4.000000;
	}
	[t:decal,n:*]
	{
		decal_orientation = 0.000000,-1.000000,0.000000,0.000000,0.000000,-1.000000,1.000000,0.000000,0.000000;
		decal_origin = 2.494313,3.000000,3.498547,0xF2054CE6;
	  f far_plane = 1.100000;
	  x guid = 0xCE17D2B4;
	  f horizontal_meters = 4.000000;
	  f lod = 1.000000;
	  f near_plane = 0.100000;
		texture = art\bitmaps\decals\b_d_gr-trail-a.raw;
	  f vertical_meters = 4.000000;
	}
	[t:decal,n:*]
	{
		decal_orientation = -0.707107,-0.707107,0.000000,0.000000,-0.000000,-1.000000,0.707107,-0.707107,0.000000;
		decal_origin = 1.784638,1.000000,-1.399094,0x6103D289;
	  f far_plane = 1.100000;
	  x guid = 0x23CF2D2F;
	  f horizontal_meters = 4.000000;
	  f lod = 1.000000;
	  f near_plane = 0.100000;
		texture = art\bitmaps\decals\b_d_gr-trail-a.raw;
	  f vertical_meters = 4.000000;
	}
	[t:decal,n:*]
	{
		decal_orientation = 0.000000,-1.000000,0.000000,0.000000,0.000000,-1.000000,1.000000,0.000000,0.000000;
		decal_origin = -1.160736,0.999998,-0.102291,0xAAB869D9;
	  f far_plane = 1.100000;
	  x guid = 0x8808D285;
	  f horizontal_meters = 4.000000;
	  f lod = 1.000000;
	  f near_plane = 0.100000;
		texture = art\bitmaps\decals\b_d_gr-trail-a.raw;
	  f vertical_meters = 4.000000;
	}
	[t:decal,n:*]
	{
		decal_orientation = 0.000000,-1.000000,0.000000,0.000000,0.000000,-1.000000,1.000000,0.000000,0.000000;
		decal_origin = 1.054569,1.000000,-1.061025,0xA913815E;
	  f far_plane = 1.100000;
	  x guid = 0xF038E99C;
	  f horizontal_meters = 4.000000;
	  f lod = 1.000000;
	  f near_plane = 0.100000;
		texture = art\bitmaps\decals\b_d_gr-trail-a.raw;
	  f vertical_meters = 4.000000;
	}
	[t:decal,n:*]
	{
		decal_orientation = 0.000000,-1.000000,0.000000,0.000000,0.000000,-1.000000,1.000000,0.000000,0.000000;
		decal_origin = -0.698824,1.000000,-0.339301,0x6841DDDC;
	  f far_plane = 1.100000;
	  x guid = 0xC6ED2F03;
	  f horizontal_meters = 4.000000;
	  f lod = 1.000000;
	  f near_plane = 0.100000;
		texture = art\bitmaps\decals\b_d_gr-trail-a.raw;
	  f vertical_meters = 4.000000;
	}
	[t:decal,n:*]
	{
		decal_orientation = 0.000000,-1.000000,0.000000,0.000000,0.000000,-1.000000,1.000000,0.000000,0.000000;
		decal_origin = 0.078140,1.000000,0.705679,0x1D68FBA2;
	  f far_plane = 1.100000;
	  x guid = 0x9C751CE7;
	  f horizontal_meters = 4.000000;
	  f lod = 1.000000;
	  f near_plane = 0.100000;
		texture = art\bitmaps\decals\b_d_gr-trail-a.raw;
	  f vertical_meters = 4.000000;
	}
	[t:decal,n:*]
	{
		decal_orientation = -0.707107,-0.707107,0.000000,0.000000,-0.000000,-1.000000,0.707107,-0.707107,0.000000;
		decal_origin = 0.107806,1.000000,-1.013755,0xD18C6E23;
	  f far_plane = 1.100000;
	  x guid = 0x3C8CFD3E;
	  f horizontal_meters = 4.000000;
	  f lod = 1.000000;
	  f near_plane = 0.100000;
		texture = art\bitmaps\decals\b_d_gr-trail-a.raw;
	  f vertical_meters = 4.000000;
	}
	[t:decal,n:*]
	{
		decal_orientation = 0.000000,-1.000000,0.000000,0.000000,0.000000,-1.000000,1.000000,0.000000,0.000000;
		decal_origin = -0.320377,1.000000,0.112477,0xF5FEDC3C;
	  f far_plane = 1.100000;
	  x guid = 0x765D0E78;
	  f horizontal_meters = 4.000000;
	  f lod = 1.000000;
	  f near_plane = 0.100000;
		texture = art\bitmaps\decals\b_d_gr-trail-a.raw;
	  f vertical_meters = 4.000000;
	}
	[t:decal,n:*]
	{
		decal_orientation = 0.000000,-1.000000,0.000000,0.000000,0.000000,-1.000000,1.000000,0.000000,0.000000;
		decal_origin = 0.053525,1.000000,-1.092927,0x3C043E10;
	  f far_plane = 1.100000;
	  x guid = 0x30990087;
	  f horizontal_meters = 4.000000;
	  f lod = 1.000000;
	  f near_plane = 0.100000;
		texture = art\bitmaps\decals\b_d_gr-trail-a.raw;
	  f vertical_meters = 4.000000;
	}
	[t:decal,n:*]
	{
		decal_orientation = 1.000000,0.000000,0.000000,0.000000,0.393919,-0.919145,0.000000,0.919145,0.393919;
		decal_origin = 0.977113,4.914760,1.595850,0x0F016876;
	  f far_plane = 1.100000;
	  x guid = 0xB393AC80;
	  f horizontal_meters = 4.000000;
	  f lod = 1.000000;
	  f near_plane = 0.100000;
		texture = art\bitmaps\decals\b_d_gr-trail-a.raw;
	  f vertical_meters = 4.000000;
	}
	[t:decal,n:*]
	{
		decal_orientation = 1.000000,0.000000,0.000000,0.000000,0.099504,-0.995037,0.000000,0.995037,0.099504;
		decal_origin = 0.976180,-0.966196,-1.711839,0x941A1E76;
	  f far_plane = 1.100000;
	  x guid = 0x11C39B73;
	  f horizontal_meters = 4.000000;
	  f lod = 1.000000;
	  f near_plane = 0.100000;
		texture = art\bitmaps\decals\b_d_gr-trail-a.raw;
	  f vertical_meters = 4.000000;
	}
	[t:decal,n:*]
	{
		decal_orientation = 1.000000,0.000000,0.000000,0.000000,0.000000,-1.000000,-0.000000,1.000000,0.000000;
		decal_origin = 1.074715,-1.000000,-0.670425,0x96373041;
	  f far_plane = 1.100000;
	  x guid = 0x22808511;
	  f horizontal_meters = 4.000000;
	  f lod = 1.000000;
	  f near_plane = 0.100000;
		texture = art\bitmaps\decals\b_d_gr-trail-a.raw;
	  f vertical_meters = 4.000000;
	}
}
