[decals]
{
	[t:decal,n:*]
	{
		decal_orientation = 0.707107,-0.685460,-0.173622,0.000000,0.245538,-0.969387,0.707107,0.685460,0.173622;
		decal_origin = 3.902950,-2.972940,-0.138815,0x8B349803;
	  f far_plane = 1.100000;
	  x guid = 0xE45663D7;
	  f horizontal_meters = 4.000000;
	  f lod = 1.000000;
	  f near_plane = 0.100000;
		texture = Art\Bitmaps\Decals\b_d_jng01-a.%img%;
	  f vertical_meters = 4.000000;
	}
	[t:decal,n:*]
	{
		decal_orientation = 0.000000,-1.000000,0.000000,0.000000,0.000000,-1.000000,1.000000,0.000000,0.000000;
		decal_origin = 3.528000,-3.000000,1.318027,0x8B349803;
	  f far_plane = 1.100000;
	  x guid = 0xBC777AB4;
	  f horizontal_meters = 4.000000;
	  f lod = 1.000000;
	  f near_plane = 0.100000;
		texture = Art\Bitmaps\Decals\b_d_jng01-a.%img%;
	  f vertical_meters = 4.000000;
	}
	[t:decal,n:*]
	{
		decal_orientation = 1.000000,0.000000,0.000000,0.000000,0.957826,-0.287348,0.000000,0.287348,0.957826;
		decal_origin = 3.973110,-2.213377,2.373100,0x8B349803;
	  f far_plane = 1.100000;
	  x guid = 0xCEFC28F0;
	  f horizontal_meters = 4.000000;
	  f lod = 1.000000;
	  f near_plane = 0.100000;
		texture = Art\Bitmaps\Decals\b_d_jng01-path.%img%;
	  f vertical_meters = 4.000000;
	}
	[t:decal,n:*]
	{
		decal_orientation = 0.970143,0.040596,0.239114,0.000000,0.985893,-0.167380,-0.242535,0.162382,0.956456;
		decal_origin = 3.749626,6.896236,4.327507,0x8B349803;
	  f far_plane = 1.100000;
	  x guid = 0x51238500;
	  f horizontal_meters = 4.000000;
	  f lod = 1.000000;
	  f near_plane = 0.100000;
		texture = Art\Bitmaps\Decals\b_d_jng01-path.%img%;
	  f vertical_meters = 4.000000;
	}
	[t:decal,n:*]
	{
		decal_orientation = 0.970143,0.040596,0.239114,0.000000,0.985893,-0.167380,-0.242535,0.162382,0.956456;
		decal_origin = 3.773621,4.758701,3.951694,0x8B349803;
	  f far_plane = 1.100000;
	  x guid = 0xF978566B;
	  f horizontal_meters = 4.000000;
	  f lod = 1.000000;
	  f near_plane = 0.100000;
		texture = Art\Bitmaps\Decals\b_d_jng01-path.%img%;
	  f vertical_meters = 4.000000;
	}
	[t:decal,n:*]
	{
		decal_orientation = 1.000000,0.000000,0.000000,0.000000,0.957826,-0.287348,0.000000,0.287348,0.957826;
		decal_origin = 3.922929,-1.401276,2.635586,0x8B349803;
	  f far_plane = 1.100000;
	  x guid = 0x33ABFC9D;
	  f horizontal_meters = 4.000000;
	  f lod = 1.000000;
	  f near_plane = 0.100000;
		texture = Art\Bitmaps\Decals\b_d_jng01-path.%img%;
	  f vertical_meters = 4.000000;
	}
	[t:decal,n:*]
	{
		decal_orientation = 0.957826,-0.054063,-0.282216,0.000000,0.982141,-0.188144,0.287348,0.180209,0.940721;
		decal_origin = 4.250774,1.088150,3.329849,0x8B349803;
	  f far_plane = 1.100000;
	  x guid = 0x55F02B78;
	  f horizontal_meters = 4.000000;
	  f lod = 1.000000;
	  f near_plane = 0.100000;
		texture = Art\Bitmaps\Decals\b_d_jng01-path.%img%;
	  f vertical_meters = 4.000000;
	}
	[t:decal,n:*]
	{
		decal_orientation = 0.000000,-1.000000,0.000000,0.000000,0.000000,-1.000000,1.000000,0.000000,0.000000;
		decal_origin = -1.747211,1.000000,-1.437324,0xC4E05E16;
	  f far_plane = 1.100000;
	  x guid = 0x806EC9AB;
	  f horizontal_meters = 4.000000;
	  f lod = 1.000000;
	  f near_plane = 0.100000;
		texture = Art\Bitmaps\Decals\b_d_jng01-a.%img%;
	  f vertical_meters = 4.000000;
	}
	[t:decal,n:*]
	{
		decal_orientation = 0.000000,-1.000000,0.000000,0.000000,0.000000,-1.000000,1.000000,0.000000,0.000000;
		decal_origin = 0.271429,1.000000,1.546737,0x8ABAEBE0;
	  f far_plane = 1.100000;
	  x guid = 0x77B4EDFA;
	  f horizontal_meters = 4.000000;
	  f lod = 1.000000;
	  f near_plane = 0.100000;
		texture = Art\Bitmaps\Decals\b_d_jng01-a.%img%;
	  f vertical_meters = 4.000000;
	}
	[t:decal,n:*]
	{
		decal_orientation = 0.000000,-1.000000,0.000000,0.000000,0.000000,-1.000000,1.000000,0.000000,0.000000;
		decal_origin = 1.396364,1.000000,-1.451204,0xF0BB2618;
	  f far_plane = 1.100000;
	  x guid = 0xFDA39D8F;
	  f horizontal_meters = 4.000000;
	  f lod = 1.000000;
	  f near_plane = 0.100000;
		texture = Art\Bitmaps\Decals\b_d_jng01-a.%img%;
	  f vertical_meters = 4.000000;
	}
	[t:decal,n:*]
	{
		decal_orientation = 0.000000,-1.000000,0.000000,0.000000,0.000000,-1.000000,1.000000,0.000000,0.000000;
		decal_origin = 0.973362,0.999998,1.680464,0xF0BB2618;
	  f far_plane = 1.100000;
	  x guid = 0x2FEFE82E;
	  f horizontal_meters = 4.000000;
	  f lod = 1.000000;
	  f near_plane = 0.100000;
		texture = Art\Bitmaps\Decals\b_d_jng01-a.%img%;
	  f vertical_meters = 4.000000;
	}
	[t:decal,n:*]
	{
		decal_orientation = 0.000000,-1.000000,0.000000,0.000000,0.000000,-1.000000,1.000000,0.000000,0.000000;
		decal_origin = -1.502430,1.000000,1.979168,0xF0BB2618;
	  f far_plane = 1.100000;
	  x guid = 0x3DC96103;
	  f horizontal_meters = 4.000000;
	  f lod = 1.000000;
	  f near_plane = 0.100000;
		texture = Art\Bitmaps\Decals\b_d_jng01-a.%img%;
	  f vertical_meters = 4.000000;
	}
	[t:decal,n:*]
	{
		decal_orientation = 0.000000,-1.000000,0.000000,0.000000,0.000000,-1.000000,1.000000,0.000000,0.000000;
		decal_origin = -1.950536,0.950001,1.567625,0x4C10A99A;
	  f far_plane = 1.100000;
	  x guid = 0xF6A2386E;
	  f horizontal_meters = 4.000000;
	  f lod = 1.000000;
	  f near_plane = 0.100000;
		texture = Art\Bitmaps\Decals\b_d_jng01-a.%img%;
	  f vertical_meters = 4.000000;
	}
	[t:decal,n:*]
	{
		decal_orientation = 0.000000,-1.000000,0.000000,0.000000,0.000000,-1.000000,1.000000,0.000000,0.000000;
		decal_origin = 0.328668,0.950001,1.627976,0x4C10A99A;
	  f far_plane = 1.100000;
	  x guid = 0xE1900767;
	  f horizontal_meters = 4.000000;
	  f lod = 1.000000;
	  f near_plane = 0.100000;
		texture = Art\Bitmaps\Decals\b_d_jng01-a.%img%;
	  f vertical_meters = 4.000000;
	}
	[t:decal,n:*]
	{
		decal_orientation = 0.000000,-1.000000,0.000000,0.000000,0.000000,-1.000000,1.000000,0.000000,0.000000;
		decal_origin = 1.931353,0.949999,0.704482,0x4C10A99A;
	  f far_plane = 1.100000;
	  x guid = 0xFE9F6808;
	  f horizontal_meters = 4.000000;
	  f lod = 1.000000;
	  f near_plane = 0.100000;
		texture = Art\Bitmaps\Decals\b_d_jng01-a.%img%;
	  f vertical_meters = 4.000000;
	}
	[t:decal,n:*]
	{
		decal_orientation = 0.000000,-1.000000,0.000000,0.000000,0.000000,-1.000000,1.000000,0.000000,0.000000;
		decal_origin = 0.921568,1.000000,1.040666,0x0F764178;
	  f far_plane = 1.100000;
	  x guid = 0x0D5FDC59;
	  f horizontal_meters = 4.000000;
	  f lod = 1.000000;
	  f near_plane = 0.100000;
		texture = Art\Bitmaps\Decals\b_d_jng01-a.%img%;
	  f vertical_meters = 4.000000;
	}
	[t:decal,n:*]
	{
		decal_orientation = 0.000000,-1.000000,0.000000,0.000000,0.000000,-1.000000,1.000000,0.000000,0.000000;
		decal_origin = -1.537861,1.000000,1.664095,0x0F764178;
	  f far_plane = 1.100000;
	  x guid = 0x88D03205;
	  f horizontal_meters = 4.000000;
	  f lod = 1.000000;
	  f near_plane = 0.100000;
		texture = Art\Bitmaps\Decals\b_d_jng01-a.%img%;
	  f vertical_meters = 4.000000;
	}
	[t:decal,n:*]
	{
		decal_orientation = 0.000000,-1.000000,0.000000,0.000000,0.000000,-1.000000,1.000000,0.000000,0.000000;
		decal_origin = -0.585117,0.999998,0.982246,0x4D2C9998;
	  f far_plane = 1.100000;
	  x guid = 0xEE43AF3F;
	  f horizontal_meters = 4.000000;
	  f lod = 1.000000;
	  f near_plane = 0.100000;
		texture = Art\Bitmaps\Decals\b_d_jng01-a.%img%;
	  f vertical_meters = 4.000000;
	}
	[t:decal,n:*]
	{
		decal_orientation = 0.000000,-1.000000,0.000000,0.000000,0.000000,-1.000000,1.000000,0.000000,0.000000;
		decal_origin = 1.697088,1.000000,0.560795,0x4D2C9998;
	  f far_plane = 1.100000;
	  x guid = 0x8C01A0D4;
	  f horizontal_meters = 4.000000;
	  f lod = 1.000000;
	  f near_plane = 0.100000;
		texture = Art\Bitmaps\Decals\b_d_jng01-a.%img%;
	  f vertical_meters = 4.000000;
	}
	[t:decal,n:*]
	{
		decal_orientation = 1.000000,0.000000,0.000000,0.000000,0.024992,-0.999688,0.000000,0.999688,0.024992;
		decal_origin = 5.777561,-4.991197,-3.660411,0x78E4EE26;
	  f far_plane = 1.100000;
	  x guid = 0x99632A86;
	  f horizontal_meters = 4.000000;
	  f lod = 1.000000;
	  f near_plane = 0.100000;
		texture = Art\Bitmaps\Decals\b_d_jng01-a.%img%;
	  f vertical_meters = 4.000000;
	}
	[t:decal,n:*]
	{
		decal_orientation = 0.991730,-0.024970,-0.125889,0.000000,0.980891,-0.194556,0.128341,0.192947,0.972780;
		decal_origin = 6.078511,-1.158201,1.250538,0x78E4EE26;
	  f far_plane = 1.100000;
	  x guid = 0x444CDC99;
	  f horizontal_meters = 4.000000;
	  f lod = 1.000000;
	  f near_plane = 0.100000;
		texture = Art\Bitmaps\Decals\b_d_jng01-path.%img%;
	  f vertical_meters = 4.000000;
	}
	[t:decal,n:*]
	{
		decal_orientation = 0.953477,-0.049616,-0.297356,0.000000,0.986363,-0.164583,0.301467,0.156926,0.940474;
		decal_origin = 6.172181,5.544346,2.411406,0x78E4EE26;
	  f far_plane = 1.100000;
	  x guid = 0x4106A402;
	  f horizontal_meters = 4.000000;
	  f lod = 1.000000;
	  f near_plane = 0.100000;
		texture = Art\Bitmaps\Decals\b_d_jng01-path.%img%;
	  f vertical_meters = 4.000000;
	}
	[t:decal,n:*]
	{
		decal_orientation = 0.997614,0.019438,0.066246,0.000000,0.959548,-0.281546,-0.069039,0.280875,0.957258;
		decal_origin = 5.514843,6.008548,2.491438,0x78E4EE26;
	  f far_plane = 1.100000;
	  x guid = 0x6B3DC896;
	  f horizontal_meters = 4.000000;
	  f lod = 1.000000;
	  f near_plane = 0.100000;
		texture = Art\Bitmaps\Decals\b_d_jng01-path.%img%;
	  f vertical_meters = 4.000000;
	}
	[t:decal,n:*]
	{
		decal_orientation = 0.998460,-0.013434,-0.053819,0.000000,0.970230,-0.242184,0.055470,0.241811,0.968736;
		decal_origin = -5.526341,5.029188,2.251338,0x78E4EE26;
	  f far_plane = 1.100000;
	  x guid = 0x158F69CD;
	  f horizontal_meters = 4.000000;
	  f lod = 1.000000;
	  f near_plane = 0.100000;
		texture = Art\Bitmaps\Decals\b_d_jng01-path.%img%;
	  f vertical_meters = 4.000000;
	}
	[t:decal,n:*]
	{
		decal_orientation = 0.989728,0.020994,0.141411,0.000000,0.989159,-0.146850,-0.142961,0.145341,0.978998;
		decal_origin = -6.133098,0.328528,1.547052,0x78E4EE26;
	  f far_plane = 1.100000;
	  x guid = 0x406C895C;
	  f horizontal_meters = 4.000000;
	  f lod = 1.000000;
	  f near_plane = 0.100000;
		texture = Art\Bitmaps\Decals\b_d_jng01-path.%img%;
	  f vertical_meters = 4.000000;
	}
	[t:decal,n:*]
	{
		decal_orientation = 0.989728,0.020994,0.141411,0.000000,0.989159,-0.146850,-0.142961,0.145341,0.978998;
		decal_origin = -6.105467,1.281390,1.685990,0x78E4EE26;
	  f far_plane = 1.100000;
	  x guid = 0x3FBF665D;
	  f horizontal_meters = 4.000000;
	  f lod = 1.000000;
	  f near_plane = 0.100000;
		texture = Art\Bitmaps\Decals\b_d_jng01-path.%img%;
	  f vertical_meters = 4.000000;
	}
	[t:decal,n:*]
	{
		decal_orientation = 0.829916,0.134785,0.541361,0.000000,0.970376,-0.241599,-0.557888,0.200507,0.805331;
		decal_origin = -6.470863,-1.810115,1.231763,0x78E4EE26;
	  f far_plane = 1.100000;
	  x guid = 0x4C0ABE8F;
	  f horizontal_meters = 4.000000;
	  f lod = 1.000000;
	  f near_plane = 0.100000;
		texture = Art\Bitmaps\Decals\b_d_jng01-path.%img%;
	  f vertical_meters = 4.000000;
	}
	[t:decal,n:*]
	{
		decal_orientation = 0.844819,0.089141,0.527574,0.000000,0.986024,-0.166602,-0.535052,0.140749,0.833012;
		decal_origin = -6.279682,-0.632532,1.467342,0x78E4EE26;
	  f far_plane = 1.100000;
	  x guid = 0xB4B1F735;
	  f horizontal_meters = 4.000000;
	  f lod = 1.000000;
	  f near_plane = 0.100000;
		texture = Art\Bitmaps\Decals\b_d_jng01-path.%img%;
	  f vertical_meters = 4.000000;
	}
	[t:decal,n:*]
	{
		decal_orientation = 0.857493,0.314336,0.407307,0.000000,0.791662,-0.610960,-0.514496,0.523894,0.678844;
		decal_origin = -6.396930,-4.977070,-0.014297,0x78E4EE26;
	  f far_plane = 1.100000;
	  x guid = 0xF096410B;
	  f horizontal_meters = 4.000000;
	  f lod = 1.000000;
	  f near_plane = 0.100000;
		texture = Art\Bitmaps\Decals\b_d_jng01-path.%img%;
	  f vertical_meters = 4.000000;
	}
	[t:decal,n:*]
	{
		decal_orientation = 1.000000,0.000000,0.000000,0.000000,0.371391,-0.928476,0.000000,0.928476,0.371391;
		decal_origin = 4.722076,6.837673,3.401603,0x78E4EE26;
	  f far_plane = 1.100000;
	  x guid = 0x9ED7D81B;
	  f horizontal_meters = 4.000000;
	  f lod = 1.000000;
	  f near_plane = 0.100000;
		texture = Art\Bitmaps\Decals\b_d_jng01-a.%img%;
	  f vertical_meters = 4.000000;
	}
	[t:decal,n:*]
	{
		decal_orientation = 1.000000,0.000000,0.000000,0.000000,0.371391,-0.928476,0.000000,0.928476,0.371391;
		decal_origin = -4.906385,6.826879,3.374616,0x78E4EE26;
	  f far_plane = 1.100000;
	  x guid = 0xD9425F56;
	  f horizontal_meters = 4.000000;
	  f lod = 1.000000;
	  f near_plane = 0.100000;
		texture = Art\Bitmaps\Decals\b_d_jng01-a.%img%;
	  f vertical_meters = 4.000000;
	}
	[t:decal,n:*]
	{
		decal_orientation = 0.994108,-0.026532,-0.105099,0.000000,0.969581,-0.244770,0.108396,0.243328,0.963868;
		decal_origin = 4.298177,5.401053,2.268320,0x78E4EE26;
	  f far_plane = 1.100000;
	  x guid = 0xBC78BD65;
	  f horizontal_meters = 4.000000;
	  f lod = 1.000000;
	  f near_plane = 0.100000;
		texture = Art\Bitmaps\Decals\b_d_jng01-a.%img%;
	  f vertical_meters = 4.000000;
	}
	[t:decal,n:*]
	{
		decal_orientation = 0.999508,-0.008844,-0.030084,0.000000,0.959403,-0.282039,0.031357,0.281900,0.958931;
		decal_origin = 5.172774,3.764230,1.859131,0x78E4EE26;
	  f far_plane = 1.100000;
	  x guid = 0x062AFD2D;
	  f horizontal_meters = 4.000000;
	  f lod = 1.000000;
	  f near_plane = 0.100000;
		texture = Art\Bitmaps\Decals\b_d_jng01-path.%img%;
	  f vertical_meters = 4.000000;
	}
	[t:decal,n:*]
	{
		decal_orientation = 0.000000,-1.000000,0.000000,0.000000,0.000000,-1.000000,1.000000,0.000000,0.000000;
		decal_origin = -1.946938,-5.000000,-3.199455,0x19C65D90;
	  f far_plane = 1.100000;
	  x guid = 0x596D07CE;
	  f horizontal_meters = 4.000000;
	  f lod = 1.000000;
	  f near_plane = 0.100000;
		texture = Art\Bitmaps\Decals\b_d_jng01-a.%img%;
	  f vertical_meters = 4.000000;
	}
	[t:decal,n:*]
	{
		decal_orientation = 0.970142,0.067776,0.232873,0.000000,0.960161,-0.279448,-0.242536,0.271104,0.931493;
		decal_origin = -2.209099,-4.318635,-1.620880,0x19C65D90;
	  f far_plane = 1.100000;
	  x guid = 0x282D6A79;
	  f horizontal_meters = 4.000000;
	  f lod = 1.000000;
	  f near_plane = 0.100000;
		texture = Art\Bitmaps\Decals\b_d_jng01-path.%img%;
	  f vertical_meters = 4.000000;
	}
	[t:decal,n:*]
	{
		decal_orientation = 0.970142,0.067776,0.232873,0.000000,0.960161,-0.279448,-0.242536,0.271104,0.931493;
		decal_origin = -2.187950,-3.576494,-1.395584,0x19C65D90;
	  f far_plane = 1.100000;
	  x guid = 0x4D0D47BD;
	  f horizontal_meters = 4.000000;
	  f lod = 1.000000;
	  f near_plane = 0.100000;
		texture = Art\Bitmaps\Decals\b_d_jng01-path.%img%;
	  f vertical_meters = 4.000000;
	}
	[t:decal,n:*]
	{
		decal_orientation = 1.000000,0.000000,0.000000,0.000000,0.980581,-0.196116,0.000000,0.196116,0.980581;
		decal_origin = -1.982635,0.063177,-0.506985,0x19C65D90;
	  f far_plane = 1.100000;
	  x guid = 0x509316BA;
	  f horizontal_meters = 4.000000;
	  f lod = 1.000000;
	  f near_plane = 0.100000;
		texture = Art\Bitmaps\Decals\b_d_jng01-path.%img%;
	  f vertical_meters = 4.000000;
	}
	[t:decal,n:*]
	{
		decal_orientation = 0.995893,0.015544,0.089191,0.000000,0.985151,-0.171693,-0.090536,0.170988,0.981105;
		decal_origin = -2.069260,2.820007,-0.069462,0x19C65D90;
	  f far_plane = 1.100000;
	  x guid = 0x23B5ADEE;
	  f horizontal_meters = 4.000000;
	  f lod = 1.000000;
	  f near_plane = 0.100000;
		texture = Art\Bitmaps\Decals\b_d_jng01-path.%img%;
	  f vertical_meters = 4.000000;
	}
	[t:decal,n:*]
	{
		decal_orientation = 0.995893,0.015544,0.089191,0.000000,0.985151,-0.171693,-0.090536,0.170988,0.981105;
		decal_origin = -1.948914,4.598305,0.212158,0x19C65D90;
	  f far_plane = 1.100000;
	  x guid = 0xD50FBAFA;
	  f horizontal_meters = 4.000000;
	  f lod = 1.000000;
	  f near_plane = 0.100000;
		texture = Art\Bitmaps\Decals\b_d_jng01-path.%img%;
	  f vertical_meters = 4.000000;
	}
	[t:decal,n:*]
	{
		decal_orientation = 1.000000,0.000000,0.000000,0.000000,0.743294,-0.668965,0.000000,0.668965,0.743294;
		decal_origin = -1.994853,-4.922662,-2.075758,0x19C65D90;
	  f far_plane = 1.100000;
	  x guid = 0x4ED93570;
	  f horizontal_meters = 4.000000;
	  f lod = 1.000000;
	  f near_plane = 0.100000;
		texture = Art\Bitmaps\Decals\b_d_jng01-path.%img%;
	  f vertical_meters = 4.000000;
	}
	[t:decal,n:*]
	{
		decal_orientation = 0.970142,0.067776,0.232873,0.000000,0.960161,-0.279448,-0.242536,0.271104,0.931493;
		decal_origin = -2.204177,-2.211416,-0.985926,0x19C65D90;
	  f far_plane = 1.100000;
	  x guid = 0x81303CFB;
	  f horizontal_meters = 4.000000;
	  f lod = 1.000000;
	  f near_plane = 0.100000;
		texture = Art\Bitmaps\Decals\b_d_jng01-path.%img%;
	  f vertical_meters = 4.000000;
	}
	[t:decal,n:*]
	{
		decal_orientation = 1.000000,0.000000,0.000000,0.000000,0.988936,-0.148340,0.000000,0.148340,0.988936;
		decal_origin = -1.985819,1.198488,-0.331414,0x19C65D90;
	  f far_plane = 1.100000;
	  x guid = 0xBA376EA1;
	  f horizontal_meters = 4.000000;
	  f lod = 1.000000;
	  f near_plane = 0.100000;
		texture = Art\Bitmaps\Decals\b_d_jng01-path.%img%;
	  f vertical_meters = 4.000000;
	}
	[t:decal,n:*]
	{
		decal_orientation = 1.000000,0.000000,0.000000,0.000000,0.129339,-0.991600,0.000000,0.991600,0.129339;
		decal_origin = 2.088249,6.939885,3.474169,0x5B322810;
	  f far_plane = 1.100000;
	  x guid = 0xAF217C1C;
	  f horizontal_meters = 4.000000;
	  f lod = 1.000000;
	  f near_plane = 0.100000;
		texture = Art\Bitmaps\Decals\b_d_jng01-a.%img%;
	  f vertical_meters = 4.000000;
	}
	[t:decal,n:*]
	{
		decal_orientation = 1.000000,0.000000,0.000000,0.000000,0.129339,-0.991600,0.000000,0.991600,0.129339;
		decal_origin = -0.639599,6.908080,3.230328,0x5B322810;
	  f far_plane = 1.100000;
	  x guid = 0xEFCF70A5;
	  f horizontal_meters = 4.000000;
	  f lod = 1.000000;
	  f near_plane = 0.100000;
		texture = Art\Bitmaps\Decals\b_d_jng01-a.%img%;
	  f vertical_meters = 4.000000;
	}
	[t:decal,n:*]
	{
		decal_orientation = 0.000000,-0.999406,-0.034462,0.000000,0.034462,-0.999406,1.000000,0.000000,0.000000;
		decal_origin = -3.054090,6.955907,3.389199,0x5B322810;
	  f far_plane = 1.100000;
	  x guid = 0x01F93508;
	  f horizontal_meters = 4.000000;
	  f lod = 1.000000;
	  f near_plane = 0.100000;
		texture = Art\Bitmaps\Decals\b_d_jng01-a.%img%;
	  f vertical_meters = 4.000000;
	}
	[t:decal,n:*]
	{
		decal_orientation = 0.998881,0.013312,0.045380,0.000000,0.959568,-0.281477,-0.047292,0.281162,0.958494;
		decal_origin = -3.030309,5.863645,1.954173,0x5B322810;
	  f far_plane = 1.100000;
	  x guid = 0x23342BFB;
	  f horizontal_meters = 4.000000;
	  f lod = 1.000000;
	  f near_plane = 0.100000;
		texture = Art\Bitmaps\Decals\b_d_jng01-a.%img%;
	  f vertical_meters = 4.000000;
	}
	[t:decal,n:*]
	{
		decal_orientation = 0.991094,-0.032146,-0.129228,0.000000,0.970426,-0.241399,0.133166,0.239249,0.961783;
		decal_origin = 2.336796,5.924880,2.143036,0x5B322810;
	  f far_plane = 1.100000;
	  x guid = 0x6A142CAF;
	  f horizontal_meters = 4.000000;
	  f lod = 1.000000;
	  f near_plane = 0.100000;
		texture = Art\Bitmaps\Decals\b_d_jng01-a.%img%;
	  f vertical_meters = 4.000000;
	}
	[t:decal,n:*]
	{
		decal_orientation = 0.998881,0.013312,0.045380,0.000000,0.959568,-0.281477,-0.047292,0.281162,0.958494;
		decal_origin = -1.623301,5.967634,1.918099,0x5B322810;
	  f far_plane = 1.100000;
	  x guid = 0x66CD17CA;
	  f horizontal_meters = 4.000000;
	  f lod = 1.000000;
	  f near_plane = 0.100000;
		texture = Art\Bitmaps\Decals\b_d_jng01-a.%img%;
	  f vertical_meters = 4.000000;
	}
	[t:decal,n:*]
	{
		decal_orientation = 0.986302,-0.045601,-0.158518,0.000000,0.961025,-0.276460,0.164947,0.272673,0.947862;
		decal_origin = 0.264319,5.977239,1.876308,0x5B322810;
	  f far_plane = 1.100000;
	  x guid = 0x4B59427D;
	  f horizontal_meters = 4.000000;
	  f lod = 1.000000;
	  f near_plane = 0.100000;
		texture = Art\Bitmaps\Decals\b_d_jng01-a.%img%;
	  f vertical_meters = 4.000000;
	}
	[t:decal,n:*]
	{
		decal_orientation = 0.991094,-0.032146,-0.129228,0.000000,0.970426,-0.241399,0.133166,0.239249,0.961783;
		decal_origin = 3.083169,4.816895,1.965227,0x5B322810;
	  f far_plane = 1.100000;
	  x guid = 0xF2CBA08A;
	  f horizontal_meters = 4.000000;
	  f lod = 1.000000;
	  f near_plane = 0.100000;
		texture = Art\Bitmaps\Decals\b_d_jng01-path.%img%;
	  f vertical_meters = 4.000000;
	}
	[t:decal,n:*]
	{
		decal_orientation = 0.998938,0.012890,0.044242,0.000000,0.960080,-0.279726,-0.046082,0.279429,0.959060;
		decal_origin = -0.688893,4.929115,1.570498,0x5B322810;
	  f far_plane = 1.100000;
	  x guid = 0x230B7955;
	  f horizontal_meters = 4.000000;
	  f lod = 1.000000;
	  f near_plane = 0.100000;
		texture = Art\Bitmaps\Decals\b_d_jng01-path.%img%;
	  f vertical_meters = 4.000000;
	}
	[t:decal,n:*]
	{
		decal_orientation = 0.998881,0.013312,0.045380,0.000000,0.959568,-0.281477,-0.047292,0.281162,0.958494;
		decal_origin = -4.322674,4.183407,1.681839,0x5B322810;
	  f far_plane = 1.100000;
	  x guid = 0x2D3F5A00;
	  f horizontal_meters = 4.000000;
	  f lod = 1.000000;
	  f near_plane = 0.100000;
		texture = Art\Bitmaps\Decals\b_d_jng01-path.%img%;
	  f vertical_meters = 4.000000;
	}
	[t:decal,n:*]
	{
		decal_orientation = 0.000000,-1.000000,0.000000,0.000000,0.000000,-1.000000,1.000000,0.000000,0.000000;
		decal_origin = -1.232677,0.999998,0.886536,0xB6A48BD4;
	  f far_plane = 1.100000;
	  x guid = 0xDD923314;
	  f horizontal_meters = 4.000000;
	  f lod = 1.000000;
	  f near_plane = 0.100000;
		texture = Art\Bitmaps\Decals\b_d_jng01-a.%img%;
	  f vertical_meters = 4.000000;
	}
}
