[decals]
{
	[t:decal,n:*]
	{
		decal_orientation = 0.000000,-1.000000,0.000000,0.000000,0.000000,-1.000000,1.000000,0.000000,0.000000;
		decal_origin = -1.949456,-5.000000,-3.217642,0x19C65D90;
	  f far_plane = 1.100000;
	  x guid = 0x596D07CE;
	  f horizontal_meters = 4.000000;
	  f lod = 1.000000;
	  f near_plane = 0.100000;
		texture = art\bitmaps\decals\b_d_jng01-a.raw;
	  f vertical_meters = 4.000000;
	}
	[t:decal,n:*]
	{
		decal_orientation = 1.000000,0.000000,0.000000,0.000000,0.024992,-0.999688,0.000000,0.999688,0.024992;
		decal_origin = 5.756147,-4.993591,-3.756105,0x2798C013;
	  f far_plane = 1.100000;
	  x guid = 0x0E52D7CD;
	  f horizontal_meters = 4.000000;
	  f lod = 1.000000;
	  f near_plane = 0.100000;
		texture = art\bitmaps\decals\b_d_jng01-a.raw;
	  f vertical_meters = 4.000000;
	}
	[t:decal,n:*]
	{
		decal_orientation = 0.000000,-1.000000,0.000000,0.000000,0.000000,-1.000000,1.000000,0.000000,0.000000;
		decal_origin = 1.681026,1.000000,0.562355,0x4D2C9998;
	  f far_plane = 1.100000;
	  x guid = 0x8C01A0D4;
	  f horizontal_meters = 4.000000;
	  f lod = 1.000000;
	  f near_plane = 0.100000;
		texture = art\bitmaps\decals\b_d_jng01-a.raw;
	  f vertical_meters = 4.000000;
	}
	[t:decal,n:*]
	{
		decal_orientation = 0.000000,-1.000000,0.000000,0.000000,0.000000,-1.000000,1.000000,0.000000,0.000000;
		decal_origin = 0.973362,0.999998,1.680464,0xF0BB2618;
	  f far_plane = 1.100000;
	  x guid = 0x2FEFE82E;
	  f horizontal_meters = 4.000000;
	  f lod = 1.000000;
	  f near_plane = 0.100000;
		texture = art\bitmaps\decals\b_d_jng01-a.raw;
	  f vertical_meters = 4.000000;
	}
	[t:decal,n:*]
	{
		decal_orientation = 0.000000,-1.000000,0.000000,0.000000,0.000000,-1.000000,1.000000,0.000000,0.000000;
		decal_origin = -1.487782,1.000000,1.995251,0xF0BB2618;
	  f far_plane = 1.100000;
	  x guid = 0x3DC96103;
	  f horizontal_meters = 4.000000;
	  f lod = 1.000000;
	  f near_plane = 0.100000;
		texture = art\bitmaps\decals\b_d_jng01-a.raw;
	  f vertical_meters = 4.000000;
	}
	[t:decal,n:*]
	{
		decal_orientation = 0.707107,-0.685460,-0.173622,0.000000,0.245538,-0.969387,0.707107,0.685460,0.173622;
		decal_origin = 3.886589,-2.972940,-0.138653,0x8B349803;
	  f far_plane = 1.100000;
	  x guid = 0xE45663D7;
	  f horizontal_meters = 4.000000;
	  f lod = 1.000000;
	  f near_plane = 0.100000;
		texture = art\bitmaps\decals\b_d_jng01-a.raw;
	  f vertical_meters = 4.000000;
	}
	[t:decal,n:*]
	{
		decal_orientation = 0.000000,-1.000000,0.000000,0.000000,0.000000,-1.000000,1.000000,0.000000,0.000000;
		decal_origin = 3.511170,-3.000000,1.318194,0x8B349803;
	  f far_plane = 1.100000;
	  x guid = 0xBC777AB4;
	  f horizontal_meters = 4.000000;
	  f lod = 1.000000;
	  f near_plane = 0.100000;
		texture = art\bitmaps\decals\b_d_jng01-a.raw;
	  f vertical_meters = 4.000000;
	}
	[t:decal,n:*]
	{
		decal_orientation = 1.000000,0.000000,0.000000,0.000000,0.099504,-0.995037,-0.000000,0.995037,0.099504;
		decal_origin = 3.412595,-4.060465,-0.654519,0x2798C013;
	  f far_plane = 1.100000;
	  x guid = 0x465264E1;
	  f horizontal_meters = 4.000000;
	  f lod = 1.000000;
	  f near_plane = 0.100000;
		texture = art\bitmaps\decals\b_d_jng01-a.raw;
	  f vertical_meters = 4.000000;
	}
	[t:decal,n:*]
	{
		decal_orientation = 0.473072,0.726170,0.498879,0.000000,0.566249,-0.824234,-0.881024,0.389922,0.267876;
		decal_origin = 2.529755,-4.478805,-1.077221,0x2798C013;
	  f far_plane = 1.100000;
	  x guid = 0xBFCF7B28;
	  f horizontal_meters = 4.000000;
	  f lod = 1.000000;
	  f near_plane = 0.100000;
		texture = art\bitmaps\decals\b_d_jng01-a.raw;
	  f vertical_meters = 4.000000;
	}
	[t:decal,n:*]
	{
		decal_orientation = 0.135792,-0.786089,-0.603013,0.000000,0.608651,-0.793438,0.990737,0.107743,0.082650;
		decal_origin = 5.279216,-4.791769,-0.767062,0x2798C013;
	  f far_plane = 1.100000;
	  x guid = 0xC4EDAA25;
	  f horizontal_meters = 4.000000;
	  f lod = 1.000000;
	  f near_plane = 0.100000;
		texture = art\bitmaps\decals\b_d_jng01-a.raw;
	  f vertical_meters = 4.000000;
	}
	[t:decal,n:*]
	{
		decal_orientation = -0.282166,-0.942587,-0.178639,0.000000,0.186205,-0.982511,0.959365,-0.277231,-0.052541;
		decal_origin = -3.138348,-4.108798,-0.562256,0x2798C013;
	  f far_plane = 1.100000;
	  x guid = 0x6E008F04;
	  f horizontal_meters = 4.000000;
	  f lod = 1.000000;
	  f near_plane = 0.100000;
		texture = art\bitmaps\decals\b_d_jng01-a.raw;
	  f vertical_meters = 4.000000;
	}
	[t:decal,n:*]
	{
		decal_orientation = -0.282166,-0.335966,-0.898615,0.000000,0.936677,-0.350196,0.959366,-0.098813,-0.264298;
		decal_origin = -1.677988,-5.119235,-0.478255,0x2798C013;
	  f far_plane = 1.100000;
	  x guid = 0x378F3F2D;
	  f horizontal_meters = 4.000000;
	  f lod = 1.000000;
	  f near_plane = 0.100000;
		texture = art\bitmaps\decals\b_d_jng01-a.raw;
	  f vertical_meters = 4.000000;
	}
	[t:decal,n:*]
	{
		decal_orientation = 0.284088,0.850144,0.443338,0.000000,0.462390,-0.886677,-0.958798,0.251895,0.131360;
		decal_origin = -5.426983,-4.697552,-0.755100,0x2798C013;
	  f far_plane = 1.100000;
	  x guid = 0x950D1EA0;
	  f horizontal_meters = 4.000000;
	  f lod = 1.000000;
	  f near_plane = 0.100000;
		texture = art\bitmaps\decals\b_d_jng01-a.raw;
	  f vertical_meters = 4.000000;
	}
	[t:decal,n:*]
	{
		decal_orientation = 0.958647,0.280559,0.047781,0.000000,0.167891,-0.985806,-0.284598,0.945039,0.160948;
		decal_origin = -3.314099,-4.230668,-1.704657,0x2798C013;
	  f far_plane = 1.100000;
	  x guid = 0x90DDFADB;
	  f horizontal_meters = 4.000000;
	  f lod = 1.000000;
	  f near_plane = 0.100000;
		texture = art\bitmaps\decals\b_d_jng01-a.raw;
	  f vertical_meters = 4.000000;
	}
	[t:decal,n:*]
	{
		decal_orientation = 0.000000,-1.000000,0.000000,0.000000,0.000000,-1.000000,1.000000,0.000000,0.000000;
		decal_origin = -1.950536,0.950001,1.567625,0x4C10A99A;
	  f far_plane = 1.100000;
	  x guid = 0xF6A2386E;
	  f horizontal_meters = 4.000000;
	  f lod = 1.000000;
	  f near_plane = 0.100000;
		texture = art\bitmaps\decals\b_d_jng01-a.raw;
	  f vertical_meters = 4.000000;
	}
	[t:decal,n:*]
	{
		decal_orientation = 0.000000,-1.000000,0.000000,0.000000,0.000000,-1.000000,1.000000,0.000000,0.000000;
		decal_origin = 0.328668,0.950001,1.627976,0x4C10A99A;
	  f far_plane = 1.100000;
	  x guid = 0xE1900767;
	  f horizontal_meters = 4.000000;
	  f lod = 1.000000;
	  f near_plane = 0.100000;
		texture = art\bitmaps\decals\b_d_jng01-a.raw;
	  f vertical_meters = 4.000000;
	}
	[t:decal,n:*]
	{
		decal_orientation = 0.000000,-1.000000,0.000000,0.000000,0.000000,-1.000000,1.000000,0.000000,0.000000;
		decal_origin = 1.931353,0.949999,0.704482,0x4C10A99A;
	  f far_plane = 1.100000;
	  x guid = 0xFE9F6808;
	  f horizontal_meters = 4.000000;
	  f lod = 1.000000;
	  f near_plane = 0.100000;
		texture = art\bitmaps\decals\b_d_jng01-a.raw;
	  f vertical_meters = 4.000000;
	}
	[t:decal,n:*]
	{
		decal_orientation = 0.000000,-1.000000,0.000000,0.000000,0.000000,-1.000000,1.000000,0.000000,0.000000;
		decal_origin = -1.747211,1.000000,-1.437324,0xC4E05E16;
	  f far_plane = 1.100000;
	  x guid = 0x806EC9AB;
	  f horizontal_meters = 4.000000;
	  f lod = 1.000000;
	  f near_plane = 0.100000;
		texture = art\bitmaps\decals\b_d_jng01-a.raw;
	  f vertical_meters = 4.000000;
	}
	[t:decal,n:*]
	{
		decal_orientation = 0.000000,-1.000000,0.000000,0.000000,0.000000,-1.000000,1.000000,0.000000,0.000000;
		decal_origin = 0.271429,1.000000,1.546737,0x8ABAEBE0;
	  f far_plane = 1.100000;
	  x guid = 0x77B4EDFA;
	  f horizontal_meters = 4.000000;
	  f lod = 1.000000;
	  f near_plane = 0.100000;
		texture = art\bitmaps\decals\b_d_jng01-a.raw;
	  f vertical_meters = 4.000000;
	}
	[t:decal,n:*]
	{
		decal_orientation = 0.000000,-1.000000,0.000000,0.000000,0.000000,-1.000000,1.000000,0.000000,0.000000;
		decal_origin = 1.396364,1.000000,-1.451204,0xF0BB2618;
	  f far_plane = 1.100000;
	  x guid = 0xFDA39D8F;
	  f horizontal_meters = 4.000000;
	  f lod = 1.000000;
	  f near_plane = 0.100000;
		texture = art\bitmaps\decals\b_d_jng01-a.raw;
	  f vertical_meters = 4.000000;
	}
	[t:decal,n:*]
	{
		decal_orientation = 0.000000,-1.000000,0.000000,0.000000,0.000000,-1.000000,1.000000,0.000000,0.000000;
		decal_origin = -0.585117,0.999998,0.982246,0x4D2C9998;
	  f far_plane = 1.100000;
	  x guid = 0xEE43AF3F;
	  f horizontal_meters = 4.000000;
	  f lod = 1.000000;
	  f near_plane = 0.100000;
		texture = art\bitmaps\decals\b_d_jng01-a.raw;
	  f vertical_meters = 4.000000;
	}
	[t:decal,n:*]
	{
		decal_orientation = 0.000000,-1.000000,0.000000,0.000000,0.000000,-1.000000,1.000000,0.000000,0.000000;
		decal_origin = 0.921568,1.000000,1.040666,0x0F764178;
	  f far_plane = 1.100000;
	  x guid = 0x0D5FDC59;
	  f horizontal_meters = 4.000000;
	  f lod = 1.000000;
	  f near_plane = 0.100000;
		texture = art\bitmaps\decals\b_d_jng01-a.raw;
	  f vertical_meters = 4.000000;
	}
	[t:decal,n:*]
	{
		decal_orientation = 0.000000,-1.000000,0.000000,0.000000,0.000000,-1.000000,1.000000,0.000000,0.000000;
		decal_origin = -1.537861,1.000000,1.664095,0x0F764178;
	  f far_plane = 1.100000;
	  x guid = 0x88D03205;
	  f horizontal_meters = 4.000000;
	  f lod = 1.000000;
	  f near_plane = 0.100000;
		texture = art\bitmaps\decals\b_d_jng01-a.raw;
	  f vertical_meters = 4.000000;
	}
	[t:decal,n:*]
	{
		decal_orientation = 0.000000,-1.000000,0.000000,0.000000,0.000000,-1.000000,1.000000,0.000000,0.000000;
		decal_origin = -1.232677,0.999998,0.886536,0xB6A48BD4;
	  f far_plane = 1.100000;
	  x guid = 0xDD923314;
	  f horizontal_meters = 4.000000;
	  f lod = 1.000000;
	  f near_plane = 0.100000;
		texture = art\bitmaps\decals\b_d_jng01-a.raw;
	  f vertical_meters = 4.000000;
	}
	[t:decal,n:*]
	{
		decal_orientation = 0.995893,0.015544,0.089191,0.000000,0.985151,-0.171693,-0.090536,0.170988,0.981105;
		decal_origin = -2.069263,2.820008,-0.069460,0x19C65D90;
	  f far_plane = 1.100000;
	  x guid = 0x23B5ADEE;
	  f horizontal_meters = 4.000000;
	  f lod = 1.000000;
	  f near_plane = 0.100000;
		texture = art\bitmaps\decals\b_d_jng01-path.raw;
	  f vertical_meters = 4.000000;
	}
	[t:decal,n:*]
	{
		decal_orientation = 0.995893,0.015544,0.089191,0.000000,0.985151,-0.171693,-0.090536,0.170988,0.981105;
		decal_origin = -1.931663,4.598304,0.229231,0x19C65D90;
	  f far_plane = 1.100000;
	  x guid = 0xD50FBAFA;
	  f horizontal_meters = 4.000000;
	  f lod = 1.000000;
	  f near_plane = 0.100000;
		texture = art\bitmaps\decals\b_d_jng01-path.raw;
	  f vertical_meters = 4.000000;
	}
	[t:decal,n:*]
	{
		decal_orientation = 1.000000,0.000000,0.000000,0.000000,0.980581,-0.196116,0.000000,0.196116,0.980581;
		decal_origin = -1.964492,0.063177,-0.507169,0x19C65D90;
	  f far_plane = 1.100000;
	  x guid = 0x509316BA;
	  f horizontal_meters = 4.000000;
	  f lod = 1.000000;
	  f near_plane = 0.100000;
		texture = art\bitmaps\decals\b_d_jng01-path.raw;
	  f vertical_meters = 4.000000;
	}
	[t:decal,n:*]
	{
		decal_orientation = 0.759123,-0.144544,-0.634697,0.000000,0.975035,-0.222051,0.650948,0.168564,0.740171;
		decal_origin = 6.622042,-1.825538,1.334701,0x2798C013;
	  f far_plane = 1.100000;
	  x guid = 0xFBC5A0A9;
	  f horizontal_meters = 4.000000;
	  f lod = 1.000000;
	  f near_plane = 0.100000;
		texture = art\bitmaps\decals\b_d_jng01-path.raw;
	  f vertical_meters = 4.000000;
	}
	[t:decal,n:*]
	{
		decal_orientation = 0.970142,0.067776,0.232873,0.000000,0.960161,-0.279448,-0.242536,0.271104,0.931493;
		decal_origin = -2.192358,-4.318635,-1.621047,0x19C65D90;
	  f far_plane = 1.100000;
	  x guid = 0x282D6A79;
	  f horizontal_meters = 4.000000;
	  f lod = 1.000000;
	  f near_plane = 0.100000;
		texture = art\bitmaps\decals\b_d_jng01-path.raw;
	  f vertical_meters = 4.000000;
	}
	[t:decal,n:*]
	{
		decal_orientation = 0.990679,-0.090653,-0.101673,0.000000,0.746400,-0.665498,0.136218,0.659295,0.739442;
		decal_origin = 5.982745,-4.975047,-0.132285,0x2798C013;
	  f far_plane = 1.100000;
	  x guid = 0xA560D53C;
	  f horizontal_meters = 4.000000;
	  f lod = 1.000000;
	  f near_plane = 0.100000;
		texture = art\bitmaps\decals\b_d_jng01-path.raw;
	  f vertical_meters = 4.000000;
	}
	[t:decal,n:*]
	{
		decal_orientation = 0.970142,0.067776,0.232873,0.000000,0.960161,-0.279448,-0.242536,0.271104,0.931493;
		decal_origin = -2.204271,-3.576494,-1.395425,0x19C65D90;
	  f far_plane = 1.100000;
	  x guid = 0x4D0D47BD;
	  f horizontal_meters = 4.000000;
	  f lod = 1.000000;
	  f near_plane = 0.100000;
		texture = art\bitmaps\decals\b_d_jng01-path.raw;
	  f vertical_meters = 4.000000;
	}
	[t:decal,n:*]
	{
		decal_orientation = 1.000000,0.000000,0.000000,0.000000,0.957826,-0.287348,0.000000,0.287348,0.957826;
		decal_origin = 3.971616,-2.213377,2.391955,0x8B349803;
	  f far_plane = 1.100000;
	  x guid = 0xCEFC28F0;
	  f horizontal_meters = 4.000000;
	  f lod = 1.000000;
	  f near_plane = 0.100000;
		texture = art\bitmaps\decals\b_d_jng01-path.raw;
	  f vertical_meters = 4.000000;
	}
	[t:decal,n:*]
	{
		decal_orientation = 0.837486,0.133157,0.529988,0.000000,0.969858,-0.243672,-0.546459,0.204072,0.812242;
		decal_origin = -6.454766,-2.521483,1.009129,0x2798C013;
	  f far_plane = 1.100000;
	  x guid = 0x335AAABE;
	  f horizontal_meters = 4.000000;
	  f lod = 1.000000;
	  f near_plane = 0.100000;
		texture = art\bitmaps\decals\b_d_jng01-path.raw;
	  f vertical_meters = 4.000000;
	}
	[t:decal,n:*]
	{
		decal_orientation = 0.844182,0.089243,0.528575,0.000000,0.986045,-0.166480,-0.536056,0.140540,0.832402;
		decal_origin = -6.296906,-0.802662,1.326661,0x2798C013;
	  f far_plane = 1.100000;
	  x guid = 0x7652EB31;
	  f horizontal_meters = 4.000000;
	  f lod = 1.000000;
	  f near_plane = 0.100000;
		texture = art\bitmaps\decals\b_d_jng01-path.raw;
	  f vertical_meters = 4.000000;
	}
	[t:decal,n:*]
	{
		decal_orientation = 0.953799,0.042552,0.297418,0.000000,0.989920,-0.141628,-0.300447,0.135084,0.944184;
		decal_origin = -6.282464,0.870469,1.660432,0x2798C013;
	  f far_plane = 1.100000;
	  x guid = 0x680BC6E1;
	  f horizontal_meters = 4.000000;
	  f lod = 1.000000;
	  f near_plane = 0.100000;
		texture = art\bitmaps\decals\b_d_jng01-path.raw;
	  f vertical_meters = 4.000000;
	}
	[t:decal,n:*]
	{
		decal_orientation = 0.970143,0.040596,0.239114,0.000000,0.985893,-0.167380,-0.242535,0.162382,0.956456;
		decal_origin = 3.740911,4.758702,3.952018,0x8B349803;
	  f far_plane = 1.100000;
	  x guid = 0xF978566B;
	  f horizontal_meters = 4.000000;
	  f lod = 1.000000;
	  f near_plane = 0.100000;
		texture = art\bitmaps\decals\b_d_jng01-path.raw;
	  f vertical_meters = 4.000000;
	}
	[t:decal,n:*]
	{
		decal_orientation = 0.970143,0.040596,0.239114,0.000000,0.985893,-0.167380,-0.242535,0.162382,0.956456;
		decal_origin = 3.734663,6.896237,4.327650,0x8B349803;
	  f far_plane = 1.100000;
	  x guid = 0x51238500;
	  f horizontal_meters = 4.000000;
	  f lod = 1.000000;
	  f near_plane = 0.100000;
		texture = art\bitmaps\decals\b_d_jng01-path.raw;
	  f vertical_meters = 4.000000;
	}
}
