[decals]
{
	[t:decal,n:*]
	{
		decal_orientation = 0.000000,-1.000000,0.000000,0.000000,0.000000,-1.000000,1.000000,0.000000,0.000000;
		decal_origin = -0.889309,6.800000,-1.967293,0x60C47BBA;
	  f far_plane = 1.100000;
	  x guid = 0x9A84E618;
	  f horizontal_meters = 4.000000;
	  f lod = 1.000000;
	  f near_plane = 0.100000;
		texture = Art\Bitmaps\Decals\b_d_ic01-a.%img%;
	  f vertical_meters = 4.000000;
	}
	[t:decal,n:*]
	{
		decal_orientation = 1.000000,0.000000,0.000000,0.000000,0.066519,-0.997785,0.000000,0.997785,0.066519;
		decal_origin = 0.742284,12.800872,-1.929459,0xBF5DF725;
	  f far_plane = 1.100000;
	  x guid = 0xAF872665;
	  f horizontal_meters = 4.000000;
	  f lod = 0.000000;
	  f near_plane = 0.100000;
		texture = Art\Bitmaps\Decals\b_d_ic01-a.%img%;
	  f vertical_meters = 4.000000;
	}
	[t:decal,n:*]
	{
		decal_orientation = -1.000000,0.000000,0.000000,0.000000,0.039968,-0.999201,0.000000,-0.999201,-0.039968;
		decal_origin = 1.132672,12.856439,0.609016,0xBF5DF725;
	  f far_plane = 1.100000;
	  x guid = 0xE8F64099;
	  f horizontal_meters = 4.000000;
	  f lod = 1.000000;
	  f near_plane = 0.100000;
		texture = Art\Bitmaps\Decals\b_d_ic01-a.%img%;
	  f vertical_meters = 4.000000;
	}
	[t:decal,n:*]
	{
		decal_orientation = 0.913138,0.406569,0.029683,0.000000,0.072815,-0.997346,-0.407651,0.910714,0.066490;
		decal_origin = 9.088879,2.287556,5.933720,0x40D91FB6;
	  f far_plane = 1.100000;
	  x guid = 0xEDC1B13B;
	  f horizontal_meters = 4.000000;
	  f lod = 0.000000;
	  f near_plane = 0.100000;
		texture = Art\Bitmaps\Decals\b_d_ic01-a.%img%;
	  f vertical_meters = 4.000000;
	}
	[t:decal,n:*]
	{
		decal_orientation = 1.000000,0.000000,0.000000,0.000000,0.104685,-0.994506,0.000000,0.994506,0.104685;
		decal_origin = 9.977672,2.245493,2.133503,0x40D91FB6;
	  f far_plane = 1.100000;
	  x guid = 0xDD5F7BBA;
	  f horizontal_meters = 4.000000;
	  f lod = 0.000000;
	  f near_plane = 0.100000;
		texture = Art\Bitmaps\Decals\b_d_ic01-a.%img%;
	  f vertical_meters = 4.000000;
	}
	[t:decal,n:*]
	{
		decal_orientation = -0.960346,0.000000,-0.278810,0.000000,1.000000,0.000000,0.278810,0.000000,-0.960346;
		decal_origin = 0.213581,9.390029,1.955090,0xA2EB626D;
	  f far_plane = 1.100000;
	  x guid = 0x55839851;
	  f horizontal_meters = 1.000000;
	  f lod = 1.000000;
	  f near_plane = 0.100000;
		texture = Art\Bitmaps\Decals\b_d_ic01-a.%img%;
	  f vertical_meters = 1.000000;
	}
	[t:decal,n:*]
	{
		decal_orientation = 0.000000,-1.000000,0.000000,0.000000,0.000000,-1.000000,1.000000,0.000000,0.000000;
		decal_origin = 2.604509,1.000000,0.332546,0x58396019;
	  f far_plane = 1.100000;
	  x guid = 0xC3BB218E;
	  f horizontal_meters = 4.000000;
	  f lod = 1.000000;
	  f near_plane = 0.100000;
		texture = Art\Bitmaps\Decals\b_d_swp-path.%img%;
	  f vertical_meters = 4.000000;
	}
	[t:decal,n:*]
	{
		decal_orientation = 0.000000,0.000000,-1.000000,0.000000,1.000000,0.000000,1.000000,0.000000,0.000000;
		decal_origin = -1.864170,11.446752,-1.427612,0x3CA3E133;
	  f far_plane = 1.100000;
	  x guid = 0x202A8EB4;
	  f horizontal_meters = 4.000000;
	  f lod = 1.000000;
	  f near_plane = 0.100000;
		texture = Art\Bitmaps\Decals\b_d_ic01-path.%img%;
	  f vertical_meters = 4.000000;
	}
	[t:decal,n:*]
	{
		decal_orientation = 0.842271,-0.538847,-0.014920,0.000000,0.027678,-0.999617,0.539054,0.841949,0.023312;
		decal_origin = -2.068070,-10.952143,-0.387787,0x3CA3E133;
	  f far_plane = 1.100000;
	  x guid = 0x8BF8FB31;
	  f horizontal_meters = 4.000000;
	  f lod = 1.000000;
	  f near_plane = 0.100000;
		texture = Art\Bitmaps\Decals\b_d_swp-path.%img%;
	  f vertical_meters = 4.000000;
	}
	[t:decal,n:*]
	{
		decal_orientation = -0.995197,0.097874,0.001684,0.000000,0.017205,-0.999852,-0.097888,-0.995050,-0.017123;
		decal_origin = 1.873731,-10.978444,0.443903,0x3CA3E133;
	  f far_plane = 1.100000;
	  x guid = 0x406E4206;
	  f horizontal_meters = 4.000000;
	  f lod = 1.000000;
	  f near_plane = 0.100000;
		texture = Art\Bitmaps\Decals\b_d_swp-path.%img%;
	  f vertical_meters = 4.000000;
	}
	[t:decal,n:*]
	{
		decal_orientation = -1.000000,0.000000,0.000000,0.000000,0.141422,-0.989949,0.000000,-0.989949,-0.141422;
		decal_origin = -1.473253,-11.009717,2.139077,0x3CA3E133;
	  f far_plane = 1.100000;
	  x guid = 0x55C070ED;
	  f horizontal_meters = 4.000000;
	  f lod = 1.000000;
	  f near_plane = 0.100000;
		texture = Art\Bitmaps\Decals\b_d_swp-path.%img%;
	  f vertical_meters = 4.000000;
	}
	[t:decal,n:*]
	{
		decal_orientation = 0.196116,-0.979936,-0.035564,0.000000,0.036268,-0.999342,0.980581,0.195987,0.007113;
		decal_origin = -0.082456,-10.998711,1.676704,0x3CA3E133;
	  f far_plane = 1.100000;
	  x guid = 0xF4C2D8D0;
	  f horizontal_meters = 4.000000;
	  f lod = 1.000000;
	  f near_plane = 0.100000;
		texture = Art\Bitmaps\Decals\b_d_swp-path.%img%;
	  f vertical_meters = 4.000000;
	}
	[t:decal,n:*]
	{
		decal_orientation = 0.197353,0.071311,0.977735,0.000000,0.997351,-0.072742,-0.980332,0.014356,0.196831;
		decal_origin = 1.890719,-7.238279,0.323731,0x05763A59;
	  f far_plane = 1.100000;
	  x guid = 0x41B9B729;
	  f horizontal_meters = 4.000000;
	  f lod = 1.000000;
	  f near_plane = 0.100000;
		texture = Art\Bitmaps\Decals\b_d_ic01-path.%img%;
	  f vertical_meters = 4.000000;
	}
	[t:decal,n:*]
	{
		decal_orientation = 0.000000,0.008333,0.999965,0.000000,0.999965,-0.008333,-1.000000,0.000000,0.000000;
		decal_origin = 1.961960,-4.560624,0.145676,0x05763A59;
	  f far_plane = 1.100000;
	  x guid = 0x9E690C74;
	  f horizontal_meters = 4.000000;
	  f lod = 1.000000;
	  f near_plane = 0.100000;
		texture = Art\Bitmaps\Decals\b_d_ic01-path.%img%;
	  f vertical_meters = 4.000000;
	}
	[t:decal,n:*]
	{
		decal_orientation = 0.000000,0.008333,0.999965,0.000000,0.999965,-0.008333,-1.000000,0.000000,0.000000;
		decal_origin = 1.977571,-2.687334,-0.036130,0x05763A59;
	  f far_plane = 1.100000;
	  x guid = 0x92B69FA3;
	  f horizontal_meters = 4.000000;
	  f lod = 1.000000;
	  f near_plane = 0.100000;
		texture = Art\Bitmaps\Decals\b_d_ic01-path.%img%;
	  f vertical_meters = 4.000000;
	}
	[t:decal,n:*]
	{
		decal_orientation = 0.000000,0.008333,0.999965,0.000000,0.999965,-0.008333,-1.000000,0.000000,0.000000;
		decal_origin = 1.994930,-0.604296,-0.007430,0x05763A59;
	  f far_plane = 1.100000;
	  x guid = 0xA68ECC68;
	  f horizontal_meters = 4.000000;
	  f lod = 1.000000;
	  f near_plane = 0.100000;
		texture = Art\Bitmaps\Decals\b_d_ic01-path.%img%;
	  f vertical_meters = 4.000000;
	}
	[t:decal,n:*]
	{
		decal_orientation = 0.000000,-0.008333,0.999965,0.000000,0.999965,0.008333,-1.000000,0.000000,0.000000;
		decal_origin = 1.987404,1.507426,-0.091507,0x05763A59;
	  f far_plane = 1.100000;
	  x guid = 0x815BFC72;
	  f horizontal_meters = 4.000000;
	  f lod = 1.000000;
	  f near_plane = 0.100000;
		texture = Art\Bitmaps\Decals\b_d_ic01-path.%img%;
	  f vertical_meters = 4.000000;
	}
	[t:decal,n:*]
	{
		decal_orientation = 0.000000,-0.008333,0.999965,0.000000,0.999965,0.008333,-1.000000,0.000000,0.000000;
		decal_origin = 1.969418,3.665631,-0.230495,0x05763A59;
	  f far_plane = 1.100000;
	  x guid = 0xE9069CBA;
	  f horizontal_meters = 4.000000;
	  f lod = 1.000000;
	  f near_plane = 0.100000;
		texture = Art\Bitmaps\Decals\b_d_ic01-path.%img%;
	  f vertical_meters = 4.000000;
	}
	[t:decal,n:*]
	{
		decal_orientation = 0.000000,-0.008333,0.999965,0.000000,0.999965,0.008333,-1.000000,0.000000,0.000000;
		decal_origin = 1.951290,5.841055,-0.274309,0x05763A59;
	  f far_plane = 1.100000;
	  x guid = 0x90AD65CC;
	  f horizontal_meters = 4.000000;
	  f lod = 1.000000;
	  f near_plane = 0.100000;
		texture = Art\Bitmaps\Decals\b_d_ic01-path.%img%;
	  f vertical_meters = 4.000000;
	}
	[t:decal,n:*]
	{
		decal_orientation = 0.000000,0.000000,1.000000,0.000000,1.000000,0.000000,-1.000000,0.000000,0.000000;
		decal_origin = 1.950000,8.061211,-0.582912,0x05763A59;
	  f far_plane = 1.100000;
	  x guid = 0x0907EE9B;
	  f horizontal_meters = 4.000000;
	  f lod = 1.000000;
	  f near_plane = 0.100000;
		texture = Art\Bitmaps\Decals\b_d_ic01-path.%img%;
	  f vertical_meters = 4.000000;
	}
	[t:decal,n:*]
	{
		decal_orientation = 0.000000,0.000000,1.000000,0.000000,1.000000,0.000000,-1.000000,0.000000,0.000000;
		decal_origin = 1.950000,10.518049,-1.057153,0x05763A59;
	  f far_plane = 1.100000;
	  x guid = 0x0276FD38;
	  f horizontal_meters = 4.000000;
	  f lod = 1.000000;
	  f near_plane = 0.100000;
		texture = Art\Bitmaps\Decals\b_d_ic01-path.%img%;
	  f vertical_meters = 4.000000;
	}
	[t:decal,n:*]
	{
		decal_orientation = 0.104166,-0.226325,-0.968466,0.000000,0.973763,-0.227563,0.994560,0.023704,0.101433;
		decal_origin = -1.760213,-7.015936,0.221945,0x05763A59;
	  f far_plane = 1.100000;
	  x guid = 0xFC9B4532;
	  f horizontal_meters = 4.000000;
	  f lod = 1.000000;
	  f near_plane = 0.100000;
		texture = Art\Bitmaps\Decals\b_d_ic01-path.%img%;
	  f vertical_meters = 4.000000;
	}
	[t:decal,n:*]
	{
		decal_orientation = -0.214302,-0.072512,-0.974072,0.000000,0.997241,-0.074236,0.976767,-0.015909,-0.213711;
		decal_origin = -1.760322,-7.699944,0.847297,0x05763A59;
	  f far_plane = 1.100000;
	  x guid = 0x73852195;
	  f horizontal_meters = 4.000000;
	  f lod = 1.000000;
	  f near_plane = 0.100000;
		texture = Art\Bitmaps\Decals\b_d_ic01-path.%img%;
	  f vertical_meters = 4.000000;
	}
	[t:decal,n:*]
	{
		decal_orientation = 0.000000,0.000000,-1.000000,0.000000,1.000000,0.000000,1.000000,0.000000,0.000000;
		decal_origin = -1.950000,-5.125674,0.184072,0x05763A59;
	  f far_plane = 1.100000;
	  x guid = 0xA9A91B4D;
	  f horizontal_meters = 4.000000;
	  f lod = 1.000000;
	  f near_plane = 0.100000;
		texture = Art\Bitmaps\Decals\b_d_ic01-path.%img%;
	  f vertical_meters = 4.000000;
	}
	[t:decal,n:*]
	{
		decal_orientation = 0.000000,0.000000,-1.000000,0.000000,1.000000,0.000000,1.000000,0.000000,0.000000;
		decal_origin = -1.950000,-2.875189,0.605771,0x05763A59;
	  f far_plane = 1.100000;
	  x guid = 0xEAE0DFA9;
	  f horizontal_meters = 4.000000;
	  f lod = 1.000000;
	  f near_plane = 0.100000;
		texture = Art\Bitmaps\Decals\b_d_ic01-path.%img%;
	  f vertical_meters = 4.000000;
	}
	[t:decal,n:*]
	{
		decal_orientation = 0.000000,0.000000,-1.000000,0.000000,1.000000,0.000000,1.000000,0.000000,0.000000;
		decal_origin = -1.950000,-1.043310,0.571194,0x05763A59;
	  f far_plane = 1.100000;
	  x guid = 0xC4CC1059;
	  f horizontal_meters = 4.000000;
	  f lod = 1.000000;
	  f near_plane = 0.100000;
		texture = Art\Bitmaps\Decals\b_d_ic01-path.%img%;
	  f vertical_meters = 4.000000;
	}
	[t:decal,n:*]
	{
		decal_orientation = 0.000000,0.000000,-1.000000,0.000000,1.000000,0.000000,1.000000,0.000000,0.000000;
		decal_origin = -1.950000,0.639115,0.326039,0x05763A59;
	  f far_plane = 1.100000;
	  x guid = 0x568B6E67;
	  f horizontal_meters = 4.000000;
	  f lod = 1.000000;
	  f near_plane = 0.100000;
		texture = Art\Bitmaps\Decals\b_d_ic01-path.%img%;
	  f vertical_meters = 4.000000;
	}
	[t:decal,n:*]
	{
		decal_orientation = 0.000000,0.000000,-1.000000,0.000000,1.000000,0.000000,1.000000,0.000000,0.000000;
		decal_origin = -1.950000,2.786276,0.136950,0x05763A59;
	  f far_plane = 1.100000;
	  x guid = 0x8F3F0BFE;
	  f horizontal_meters = 4.000000;
	  f lod = 1.000000;
	  f near_plane = 0.100000;
		texture = Art\Bitmaps\Decals\b_d_ic01-path.%img%;
	  f vertical_meters = 4.000000;
	}
	[t:decal,n:*]
	{
		decal_orientation = 0.000000,0.000000,-1.000000,0.000000,1.000000,0.000000,1.000000,0.000000,0.000000;
		decal_origin = -1.950000,4.792582,0.005420,0x05763A59;
	  f far_plane = 1.100000;
	  x guid = 0x9ACCCEA4;
	  f horizontal_meters = 4.000000;
	  f lod = 1.000000;
	  f near_plane = 0.100000;
		texture = Art\Bitmaps\Decals\b_d_ic01-path.%img%;
	  f vertical_meters = 4.000000;
	}
	[t:decal,n:*]
	{
		decal_orientation = 0.000000,0.000000,-1.000000,0.000000,1.000000,0.000000,1.000000,0.000000,0.000000;
		decal_origin = -1.950000,6.547328,-0.092726,0x05763A59;
	  f far_plane = 1.100000;
	  x guid = 0xB4479C9D;
	  f horizontal_meters = 4.000000;
	  f lod = 1.000000;
	  f near_plane = 0.100000;
		texture = Art\Bitmaps\Decals\b_d_ic01-path.%img%;
	  f vertical_meters = 4.000000;
	}
	[t:decal,n:*]
	{
		decal_orientation = 0.000000,0.000000,-1.000000,0.000000,1.000000,0.000000,1.000000,0.000000,0.000000;
		decal_origin = -1.950000,8.428570,-0.681698,0x05763A59;
	  f far_plane = 1.100000;
	  x guid = 0xF447ADC3;
	  f horizontal_meters = 4.000000;
	  f lod = 1.000000;
	  f near_plane = 0.100000;
		texture = Art\Bitmaps\Decals\b_d_ic01-path.%img%;
	  f vertical_meters = 4.000000;
	}
	[t:decal,n:*]
	{
		decal_orientation = 0.000000,0.000000,-1.000000,0.000000,1.000000,0.000000,1.000000,0.000000,0.000000;
		decal_origin = -1.950001,10.004995,-0.980224,0x05763A59;
	  f far_plane = 1.100000;
	  x guid = 0x121A953F;
	  f horizontal_meters = 4.000000;
	  f lod = 1.000000;
	  f near_plane = 0.100000;
		texture = Art\Bitmaps\Decals\b_d_ic01-path.%img%;
	  f vertical_meters = 4.000000;
	}
	[t:decal,n:*]
	{
		decal_orientation = -1.000000,0.000000,0.000000,0.000000,0.024992,-0.999688,0.000000,-0.999688,-0.024992;
		decal_origin = -1.631306,12.829868,0.848495,0xC4236DB0;
	  f far_plane = 1.100000;
	  x guid = 0x7A94FAC4;
	  f horizontal_meters = 4.000000;
	  f lod = 1.000000;
	  f near_plane = 0.100000;
		texture = Art\Bitmaps\Decals\b_d_ic01-a.%img%;
	  f vertical_meters = 4.000000;
	}
	[t:decal,n:*]
	{
		decal_orientation = -1.000000,0.000000,0.000000,0.000000,0.022721,-0.999742,0.000000,-0.999742,-0.022721;
		decal_origin = 0.850754,3.352794,3.888370,0x932375A0;
	  f far_plane = 1.100000;
	  x guid = 0x70CCC97D;
	  f horizontal_meters = 4.000000;
	  f lod = 0.000000;
	  f near_plane = 0.100000;
		texture = Art\Bitmaps\Decals\b_d_ic01-a.%img%;
	  f vertical_meters = 4.000000;
	}
	[t:decal,n:*]
	{
		decal_orientation = 0.000000,0.999889,0.014924,0.000000,0.014924,-0.999889,-1.000000,0.000000,0.000000;
		decal_origin = -2.748870,3.356098,0.179279,0x389444D6;
	  f far_plane = 1.100000;
	  x guid = 0x033D617A;
	  f horizontal_meters = 4.000000;
	  f lod = 0.000000;
	  f near_plane = 0.100000;
		texture = Art\Bitmaps\Decals\b_d_ic01-a.%img%;
	  f vertical_meters = 4.000000;
	}
	[t:decal,n:*]
	{
		decal_orientation = 0.000000,-1.000000,0.000000,0.000000,0.000000,-1.000000,1.000000,0.000000,0.000000;
		decal_origin = -1.190721,-0.500000,1.310774,0x3BB4B757;
	  f far_plane = 1.100000;
	  x guid = 0x078A6B12;
	  f horizontal_meters = 4.000000;
	  f lod = 1.000000;
	  f near_plane = 0.100000;
		texture = Art\Bitmaps\Decals\b_d_ic01-a.%img%;
	  f vertical_meters = 4.000000;
	}
	[t:decal,n:*]
	{
		decal_orientation = 0.000000,-1.000000,0.000000,0.000000,0.000000,-1.000000,1.000000,0.000000,0.000000;
		decal_origin = -1.109527,-0.500000,-1.226096,0x3BB4B757;
	  f far_plane = 1.100000;
	  x guid = 0x78FD404D;
	  f horizontal_meters = 4.000000;
	  f lod = 1.000000;
	  f near_plane = 0.100000;
		texture = Art\Bitmaps\Decals\b_d_ic01-a.%img%;
	  f vertical_meters = 4.000000;
	}
	[t:decal,n:*]
	{
		decal_orientation = 0.000000,-1.000000,0.000000,0.000000,0.000000,-1.000000,1.000000,0.000000,0.000000;
		decal_origin = 0.826798,-0.500000,1.695775,0x3BB4B757;
	  f far_plane = 1.100000;
	  x guid = 0x93030A62;
	  f horizontal_meters = 4.000000;
	  f lod = 1.000000;
	  f near_plane = 0.100000;
		texture = Art\Bitmaps\Decals\b_d_ic01-a.%img%;
	  f vertical_meters = 4.000000;
	}
	[t:decal,n:*]
	{
		decal_orientation = 0.000000,-1.000000,0.000000,0.000000,0.000000,-1.000000,1.000000,0.000000,0.000000;
		decal_origin = 3.278065,-0.500000,1.709011,0x3BB4B757;
	  f far_plane = 1.100000;
	  x guid = 0x5A60D6C8;
	  f horizontal_meters = 4.000000;
	  f lod = 1.000000;
	  f near_plane = 0.100000;
		texture = Art\Bitmaps\Decals\b_d_ic01-a.%img%;
	  f vertical_meters = 4.000000;
	}
	[t:decal,n:*]
	{
		decal_orientation = 0.000000,-1.000000,0.000000,0.000000,0.000000,-1.000000,1.000000,0.000000,0.000000;
		decal_origin = 5.299350,-0.500001,1.338362,0x3BB4B757;
	  f far_plane = 1.100000;
	  x guid = 0x90493514;
	  f horizontal_meters = 4.000000;
	  f lod = 1.000000;
	  f near_plane = 0.100000;
		texture = Art\Bitmaps\Decals\b_d_ic01-a.%img%;
	  f vertical_meters = 4.000000;
	}
	[t:decal,n:*]
	{
		decal_orientation = 0.000000,-1.000000,0.000000,0.000000,0.000000,-1.000000,1.000000,0.000000,0.000000;
		decal_origin = 5.071119,-0.500001,-1.397447,0x3BB4B757;
	  f far_plane = 1.100000;
	  x guid = 0xF7C91837;
	  f horizontal_meters = 4.000000;
	  f lod = 1.000000;
	  f near_plane = 0.100000;
		texture = Art\Bitmaps\Decals\b_d_ic01-a.%img%;
	  f vertical_meters = 4.000000;
	}
	[t:decal,n:*]
	{
		decal_orientation = 0.000000,-1.000000,0.000000,0.000000,0.000000,-1.000000,1.000000,0.000000,0.000000;
		decal_origin = 3.126899,-0.500001,-1.666861,0x3BB4B757;
	  f far_plane = 1.100000;
	  x guid = 0x70755B90;
	  f horizontal_meters = 4.000000;
	  f lod = 1.000000;
	  f near_plane = 0.100000;
		texture = Art\Bitmaps\Decals\b_d_ic01-a.%img%;
	  f vertical_meters = 4.000000;
	}
	[t:decal,n:*]
	{
		decal_orientation = 0.000000,-1.000000,0.000000,0.000000,0.000000,-1.000000,1.000000,0.000000,0.000000;
		decal_origin = 0.766738,-0.500001,-1.918567,0x3BB4B757;
	  f far_plane = 1.100000;
	  x guid = 0xB38225DB;
	  f horizontal_meters = 4.000000;
	  f lod = 1.000000;
	  f near_plane = 0.100000;
		texture = Art\Bitmaps\Decals\b_d_ic01-a.%img%;
	  f vertical_meters = 4.000000;
	}
	[t:decal,n:*]
	{
		decal_orientation = 0.000000,-0.998600,-0.052896,0.000000,0.052896,-0.998600,1.000000,0.000000,0.000000;
		decal_origin = 1.976330,-0.497345,0.061945,0x3BB4B757;
	  f far_plane = 1.100000;
	  x guid = 0xB90C3F01;
	  f horizontal_meters = 4.000000;
	  f lod = 1.000000;
	  f near_plane = 0.100000;
		texture = Art\Bitmaps\Decals\b_d_ic01-a.%img%;
	  f vertical_meters = 4.000000;
	}
	[t:decal,n:*]
	{
		decal_orientation = 0.000000,-1.000000,0.000000,0.000000,0.000000,-1.000000,1.000000,0.000000,0.000000;
		decal_origin = 0.804297,1.000000,1.993690,0x7A5EA36C;
	  f far_plane = 1.100000;
	  x guid = 0x741D93E3;
	  f horizontal_meters = 4.000000;
	  f lod = 1.000000;
	  f near_plane = 0.100000;
		texture = Art\Bitmaps\Decals\b_d_ic01-a.%img%;
	  f vertical_meters = 4.000000;
	}
	[t:decal,n:*]
	{
		decal_orientation = 1.000000,0.000000,0.000000,0.000000,0.052559,-0.998618,0.000000,0.998618,0.052559;
		decal_origin = 1.133661,0.951863,-3.990948,0x0D1D22CA;
	  f far_plane = 1.100000;
	  x guid = 0xBE73E6B8;
	  f horizontal_meters = 4.000000;
	  f lod = 1.000000;
	  f near_plane = 0.100000;
		texture = Art\Bitmaps\Decals\b_d_ic01-a.%img%;
	  f vertical_meters = 4.000000;
	}
	[t:decal,n:*]
	{
		decal_orientation = 0.000000,-0.999592,-0.028560,0.000000,0.028560,-0.999592,1.000000,0.000000,0.000000;
		decal_origin = 3.867134,0.954205,-1.822483,0x0D1D22CA;
	  f far_plane = 1.100000;
	  x guid = 0x42E9EB02;
	  f horizontal_meters = 4.000000;
	  f lod = 1.000000;
	  f near_plane = 0.100000;
		texture = Art\Bitmaps\Decals\b_d_ic01-a.%img%;
	  f vertical_meters = 4.000000;
	}
	[t:decal,n:*]
	{
		decal_orientation = 0.000000,-1.000000,0.000000,0.000000,0.000000,-1.000000,1.000000,0.000000,0.000000;
		decal_origin = 3.342534,0.950001,3.401361,0x0D1D22CA;
	  f far_plane = 1.100000;
	  x guid = 0xD92721E3;
	  f horizontal_meters = 4.000000;
	  f lod = 1.000000;
	  f near_plane = 0.100000;
		texture = Art\Bitmaps\Decals\b_d_ic01-a.%img%;
	  f vertical_meters = 4.000000;
	}
	[t:decal,n:*]
	{
		decal_orientation = 0.000000,-1.000000,0.000000,0.000000,0.000000,-1.000000,1.000000,0.000000,0.000000;
		decal_origin = 0.742514,0.950001,3.956187,0x0D1D22CA;
	  f far_plane = 1.100000;
	  x guid = 0xA698954C;
	  f horizontal_meters = 4.000000;
	  f lod = 1.000000;
	  f near_plane = 0.100000;
		texture = Art\Bitmaps\Decals\b_d_ic01-a.%img%;
	  f vertical_meters = 4.000000;
	}
	[t:decal,n:*]
	{
		decal_orientation = 0.000000,-1.000000,0.000000,0.000000,0.000000,-1.000000,1.000000,0.000000,0.000000;
		decal_origin = 3.540779,0.950001,3.588343,0x78BF4288;
	  f far_plane = 1.100000;
	  x guid = 0x3CB62374;
	  f horizontal_meters = 4.000000;
	  f lod = 1.000000;
	  f near_plane = 0.100000;
		texture = Art\Bitmaps\Decals\b_d_ic01-a.%img%;
	  f vertical_meters = 4.000000;
	}
	[t:decal,n:*]
	{
		decal_orientation = 0.000000,-1.000000,0.000000,0.000000,0.000000,-1.000000,1.000000,0.000000,0.000000;
		decal_origin = 0.794733,0.950001,3.670594,0x78BF4288;
	  f far_plane = 1.100000;
	  x guid = 0x3E6914E6;
	  f horizontal_meters = 4.000000;
	  f lod = 1.000000;
	  f near_plane = 0.100000;
		texture = Art\Bitmaps\Decals\b_d_ic01-a.%img%;
	  f vertical_meters = 4.000000;
	}
	[t:decal,n:*]
	{
		decal_orientation = -1.000000,0.000000,0.000000,0.000000,0.028560,-0.999592,0.000000,-0.999592,-0.028560;
		decal_origin = -1.283061,0.960150,3.659086,0x78BF4288;
	  f far_plane = 1.100000;
	  x guid = 0xFC58115F;
	  f horizontal_meters = 4.000000;
	  f lod = 1.000000;
	  f near_plane = 0.100000;
		texture = Art\Bitmaps\Decals\b_d_ic01-a.%img%;
	  f vertical_meters = 4.000000;
	}
	[t:decal,n:*]
	{
		decal_orientation = 0.000000,-1.000000,0.000000,0.000000,0.000000,-1.000000,1.000000,0.000000,0.000000;
		decal_origin = -3.494910,0.950001,3.374937,0x78BF4288;
	  f far_plane = 1.100000;
	  x guid = 0x21D15BF3;
	  f horizontal_meters = 4.000000;
	  f lod = 1.000000;
	  f near_plane = 0.100000;
		texture = Art\Bitmaps\Decals\b_d_ic01-a.%img%;
	  f vertical_meters = 4.000000;
	}
	[t:decal,n:*]
	{
		decal_orientation = 0.820434,0.570475,0.038022,0.000000,0.066503,-0.997786,-0.571741,0.818618,0.054561;
		decal_origin = -1.955919,0.964482,0.193555,0x78BF4288;
	  f far_plane = 1.100000;
	  x guid = 0xB11B0E50;
	  f horizontal_meters = 4.000000;
	  f lod = 1.000000;
	  f near_plane = 0.100000;
		texture = Art\Bitmaps\Decals\b_d_ic01-a.%img%;
	  f vertical_meters = 4.000000;
	}
	[t:decal,n:*]
	{
		decal_orientation = 0.000000,0.998688,0.051215,0.000000,0.051215,-0.998688,-1.000000,0.000000,0.000000;
		decal_origin = 0.049338,0.953842,-3.373628,0x78BF4288;
	  f far_plane = 1.100000;
	  x guid = 0x1D7915F0;
	  f horizontal_meters = 4.000000;
	  f lod = 1.000000;
	  f near_plane = 0.100000;
		texture = Art\Bitmaps\Decals\b_d_ic01-a.%img%;
	  f vertical_meters = 4.000000;
	}
	[t:decal,n:*]
	{
		decal_orientation = 0.000000,-0.999592,-0.028560,0.000000,0.028560,-0.999592,1.000000,0.000000,0.000000;
		decal_origin = 3.971591,0.951222,-0.994725,0x78BF4288;
	  f far_plane = 1.100000;
	  x guid = 0xCC50AE2B;
	  f horizontal_meters = 4.000000;
	  f lod = 1.000000;
	  f near_plane = 0.100000;
		texture = Art\Bitmaps\Decals\b_d_ic01-a.%img%;
	  f vertical_meters = 4.000000;
	}
	[t:decal,n:*]
	{
		decal_orientation = 0.000000,-1.000000,0.000000,0.000000,0.000000,-1.000000,1.000000,0.000000,0.000000;
		decal_origin = 3.818161,0.950001,1.324385,0x78BF4288;
	  f far_plane = 1.100000;
	  x guid = 0xB75C7FC6;
	  f horizontal_meters = 4.000000;
	  f lod = 1.000000;
	  f near_plane = 0.100000;
		texture = Art\Bitmaps\Decals\b_d_ic01-a.%img%;
	  f vertical_meters = 4.000000;
	}
	[t:decal,n:*]
	{
		decal_orientation = 0.000000,-1.000000,0.000000,0.000000,0.000000,-1.000000,1.000000,0.000000,0.000000;
		decal_origin = -1.986714,1.049999,1.523468,0xA0675FBD;
	  f far_plane = 1.100000;
	  x guid = 0x387469FB;
	  f horizontal_meters = 4.000000;
	  f lod = 1.000000;
	  f near_plane = 0.100000;
		texture = Art\Bitmaps\Decals\b_d_ic01-a.%img%;
	  f vertical_meters = 4.000000;
	}
	[t:decal,n:*]
	{
		decal_orientation = 0.000000,-1.000000,0.000000,0.000000,0.000000,-1.000000,1.000000,0.000000,0.000000;
		decal_origin = 1.842464,0.850000,0.564053,0xA0675FBD;
	  f far_plane = 1.100000;
	  x guid = 0x809D0D92;
	  f horizontal_meters = 4.000000;
	  f lod = 1.000000;
	  f near_plane = 0.100000;
		texture = Art\Bitmaps\Decals\b_d_ic01-a.%img%;
	  f vertical_meters = 4.000000;
	}
	[t:decal,n:*]
	{
		decal_orientation = 0.997630,-0.067461,-0.013524,0.000000,0.196564,-0.980491,0.068803,0.978168,0.196098;
		decal_origin = 2.172698,-2.993914,-4.057153,0xE419ED42;
	  f far_plane = 1.100000;
	  x guid = 0x70B59C28;
	  f horizontal_meters = 4.000000;
	  f lod = 1.000000;
	  f near_plane = 0.100000;
		texture = Art\Bitmaps\Decals\b_d_ic01-a.%img%;
	  f vertical_meters = 4.000000;
	}
	[t:decal,n:*]
	{
		decal_orientation = 0.000000,-1.000000,0.000000,0.000000,0.000000,-1.000000,1.000000,0.000000,0.000000;
		decal_origin = -3.387238,-3.000000,-3.652596,0xE419ED42;
	  f far_plane = 1.100000;
	  x guid = 0xBA637C5B;
	  f horizontal_meters = 4.000000;
	  f lod = 1.000000;
	  f near_plane = 0.100000;
		texture = Art\Bitmaps\Decals\b_d_ic01-a.%img%;
	  f vertical_meters = 4.000000;
	}
	[t:decal,n:*]
	{
		decal_orientation = 0.000000,-1.000000,0.000000,0.000000,0.000000,-1.000000,1.000000,0.000000,0.000000;
		decal_origin = -3.908754,1.000000,-1.517299,0xDDB80EB6;
	  f far_plane = 1.100000;
	  x guid = 0xDB4311EA;
	  f horizontal_meters = 4.000000;
	  f lod = 1.000000;
	  f near_plane = 0.100000;
		texture = Art\Bitmaps\Decals\b_d_ic01-a.%img%;
	  f vertical_meters = 4.000000;
	}
	[t:decal,n:*]
	{
		decal_orientation = 0.000000,-1.000000,0.000000,0.000000,0.000000,-1.000000,1.000000,0.000000,0.000000;
		decal_origin = 2.271951,1.000000,-1.953938,0xDDB80EB6;
	  f far_plane = 1.100000;
	  x guid = 0x870BC9A1;
	  f horizontal_meters = 4.000000;
	  f lod = 1.000000;
	  f near_plane = 0.100000;
		texture = Art\Bitmaps\Decals\b_d_ic01-a.%img%;
	  f vertical_meters = 4.000000;
	}
	[t:decal,n:*]
	{
		decal_orientation = 0.000000,-1.000000,0.000000,0.000000,0.000000,-1.000000,1.000000,0.000000,0.000000;
		decal_origin = 3.982183,1.000000,-0.689822,0xDDB80EB6;
	  f far_plane = 1.100000;
	  x guid = 0xCA56CD4D;
	  f horizontal_meters = 4.000000;
	  f lod = 1.000000;
	  f near_plane = 0.100000;
		texture = Art\Bitmaps\Decals\b_d_ic01-a.%img%;
	  f vertical_meters = 4.000000;
	}
	[t:decal,n:*]
	{
		decal_orientation = 0.000000,-1.000000,0.000000,0.000000,0.000000,-1.000000,1.000000,0.000000,0.000000;
		decal_origin = 3.038490,1.000000,1.383793,0xDDB80EB6;
	  f far_plane = 1.100000;
	  x guid = 0x2F369E4A;
	  f horizontal_meters = 4.000000;
	  f lod = 1.000000;
	  f near_plane = 0.100000;
		texture = Art\Bitmaps\Decals\b_d_ic01-a.%img%;
	  f vertical_meters = 4.000000;
	}
	[t:decal,n:*]
	{
		decal_orientation = 0.000000,-1.000000,0.000000,0.000000,0.000000,-1.000000,1.000000,0.000000,0.000000;
		decal_origin = 0.257380,1.000000,1.347932,0xDDB80EB6;
	  f far_plane = 1.100000;
	  x guid = 0x35B03453;
	  f horizontal_meters = 4.000000;
	  f lod = 1.000000;
	  f near_plane = 0.100000;
		texture = Art\Bitmaps\Decals\b_d_ic01-a.%img%;
	  f vertical_meters = 4.000000;
	}
	[t:decal,n:*]
	{
		decal_orientation = 0.000000,-1.000000,0.000000,0.000000,0.000000,-1.000000,1.000000,0.000000,0.000000;
		decal_origin = -2.327564,1.000000,1.821153,0xDDB80EB6;
	  f far_plane = 1.100000;
	  x guid = 0xF8EDF547;
	  f horizontal_meters = 4.000000;
	  f lod = 1.000000;
	  f near_plane = 0.100000;
		texture = Art\Bitmaps\Decals\b_d_ic01-a.%img%;
	  f vertical_meters = 4.000000;
	}
	[t:decal,n:*]
	{
		decal_orientation = 1.000000,0.000000,0.000000,0.000000,0.049938,-0.998752,0.000000,0.998752,0.049938;
		decal_origin = -3.834128,0.416017,-1.704641,0x9DFA44EC;
	  f far_plane = 1.100000;
	  x guid = 0xD272493A;
	  f horizontal_meters = 4.000000;
	  f lod = 1.000000;
	  f near_plane = 0.100000;
		texture = Art\Bitmaps\Decals\b_d_ic01-a.%img%;
	  f vertical_meters = 4.000000;
	}
	[t:decal,n:*]
	{
		decal_orientation = 0.707107,-0.615458,-0.348155,0.000000,0.492366,-0.870388,0.707107,0.615457,0.348155;
		decal_origin = -3.531179,0.698778,-0.281513,0x9DFA44EC;
	  f far_plane = 1.100000;
	  x guid = 0xCF0234EC;
	  f horizontal_meters = 4.000000;
	  f lod = 1.000000;
	  f near_plane = 0.100000;
		texture = Art\Bitmaps\Decals\b_d_ic01-a.%img%;
	  f vertical_meters = 4.000000;
	}
	[t:decal,n:*]
	{
		decal_orientation = 1.000000,0.000000,0.000000,0.000000,0.164399,-0.986394,0.000000,0.986394,0.164399;
		decal_origin = 0.079319,0.424474,-1.935918,0x9DFA44EC;
	  f far_plane = 1.100000;
	  x guid = 0x1FCAA892;
	  f horizontal_meters = 4.000000;
	  f lod = 1.000000;
	  f near_plane = 0.100000;
		texture = Art\Bitmaps\Decals\b_d_ic01-a.%img%;
	  f vertical_meters = 4.000000;
	}
	[t:decal,n:*]
	{
		decal_orientation = 0.707107,-0.673189,-0.216371,0.000000,0.305995,-0.952033,0.707107,0.673189,0.216371;
		decal_origin = 0.322748,0.780799,-0.203425,0x9DFA44EC;
	  f far_plane = 1.100000;
	  x guid = 0x3D6D564F;
	  f horizontal_meters = 4.000000;
	  f lod = 1.000000;
	  f near_plane = 0.100000;
		texture = Art\Bitmaps\Decals\b_d_ic01-a.%img%;
	  f vertical_meters = 4.000000;
	}
	[t:decal,n:*]
	{
		decal_orientation = 0.994264,-0.099575,-0.039034,0.000000,0.364961,-0.931023,0.106953,0.925683,0.362868;
		decal_origin = -0.037214,0.539848,-0.898426,0x9DFA44EC;
	  f far_plane = 1.100000;
	  x guid = 0x112FEBAA;
	  f horizontal_meters = 4.000000;
	  f lod = 1.000000;
	  f near_plane = 0.100000;
		texture = Art\Bitmaps\Decals\b_d_ic01-a.%img%;
	  f vertical_meters = 4.000000;
	}
	[t:decal,n:*]
	{
		decal_orientation = 0.000000,-1.000000,0.000000,0.000000,0.000000,-1.000000,1.000000,0.000000,0.000000;
		decal_origin = 1.855784,0.850000,0.113335,0x90DA7E3B;
	  f far_plane = 1.100000;
	  x guid = 0x068CF625;
	  f horizontal_meters = 4.000000;
	  f lod = 1.000000;
	  f near_plane = 0.100000;
		texture = Art\Bitmaps\Decals\b_d_ic01-a.%img%;
	  f vertical_meters = 4.000000;
	}
	[t:decal,n:*]
	{
		decal_orientation = 0.000000,-1.000000,0.000000,0.000000,0.000000,-1.000000,1.000000,0.000000,0.000000;
		decal_origin = -0.961250,-0.549999,1.942195,0x2A1C1FC9;
	  f far_plane = 1.100000;
	  x guid = 0xB0977833;
	  f horizontal_meters = 4.000000;
	  f lod = 1.000000;
	  f near_plane = 0.100000;
		texture = Art\Bitmaps\Decals\b_d_ic01-a.%img%;
	  f vertical_meters = 4.000000;
	}
	[t:decal,n:*]
	{
		decal_orientation = 0.000000,-1.000000,0.000000,0.000000,0.000000,-1.000000,1.000000,0.000000,0.000000;
		decal_origin = 2.537642,1.000000,1.792705,0xE3A4D9A4;
	  f far_plane = 1.100000;
	  x guid = 0xA391BC88;
	  f horizontal_meters = 4.000000;
	  f lod = 1.000000;
	  f near_plane = 0.100000;
		texture = Art\Bitmaps\Decals\b_d_ic01-a.%img%;
	  f vertical_meters = 4.000000;
	}
	[t:decal,n:*]
	{
		decal_orientation = -0.857493,0.493932,0.144005,0.000000,0.279895,-0.960031,-0.514496,-0.823219,-0.240008;
		decal_origin = -0.593791,0.599483,-0.737666,0xCE48C509;
	  f far_plane = 1.100000;
	  x guid = 0xF4D216F1;
	  f horizontal_meters = 4.000000;
	  f lod = 1.000000;
	  f near_plane = 0.100000;
		texture = Art\Bitmaps\Decals\b_d_ic01-a.%img%;
	  f vertical_meters = 4.000000;
	}
	[t:decal,n:*]
	{
		decal_orientation = 1.000000,0.000000,0.000000,0.000000,0.164399,-0.986394,0.000000,0.986394,0.164399;
		decal_origin = -1.047570,0.399537,-2.085542,0xCE48C509;
	  f far_plane = 1.100000;
	  x guid = 0xB1405BDC;
	  f horizontal_meters = 4.000000;
	  f lod = 1.000000;
	  f near_plane = 0.100000;
		texture = Art\Bitmaps\Decals\b_d_ic01-a.%img%;
	  f vertical_meters = 4.000000;
	}
	[t:decal,n:*]
	{
		decal_orientation = 1.000000,0.000000,0.000000,0.000000,0.049938,-0.998752,0.000000,0.998752,0.049938;
		decal_origin = -3.570354,0.412351,-1.777962,0xCE48C509;
	  f far_plane = 1.100000;
	  x guid = 0xCA75D374;
	  f horizontal_meters = 4.000000;
	  f lod = 1.000000;
	  f near_plane = 0.100000;
		texture = Art\Bitmaps\Decals\b_d_ic01-a.%img%;
	  f vertical_meters = 4.000000;
	}
	[t:decal,n:*]
	{
		decal_orientation = 0.771930,-0.533558,-0.345600,0.000000,0.543646,-0.839314,0.635707,0.647892,0.419657;
		decal_origin = -3.621836,0.608979,-0.553504,0xCE48C509;
	  f far_plane = 1.100000;
	  x guid = 0x772CDE3B;
	  f horizontal_meters = 4.000000;
	  f lod = 1.000000;
	  f near_plane = 0.100000;
		texture = Art\Bitmaps\Decals\b_d_ic01-a.%img%;
	  f vertical_meters = 4.000000;
	}
	[t:decal,n:*]
	{
		decal_orientation = 0.000000,-1.000000,0.000000,0.000000,0.000000,-1.000000,1.000000,0.000000,0.000000;
		decal_origin = 3.672213,1.000000,1.747836,0x67CA20C0;
	  f far_plane = 1.100000;
	  x guid = 0x58CA643A;
	  f horizontal_meters = 4.000000;
	  f lod = 1.000000;
	  f near_plane = 0.100000;
		texture = Art\Bitmaps\Decals\b_d_ic01-a.%img%;
	  f vertical_meters = 4.000000;
	}
	[t:decal,n:*]
	{
		decal_orientation = 0.000000,-1.000000,0.000000,0.000000,0.000000,-1.000000,1.000000,0.000000,0.000000;
		decal_origin = -1.152575,1.000000,1.870308,0x67CA20C0;
	  f far_plane = 1.100000;
	  x guid = 0xCAC88C75;
	  f horizontal_meters = 4.000000;
	  f lod = 1.000000;
	  f near_plane = 0.100000;
		texture = Art\Bitmaps\Decals\b_d_ic01-a.%img%;
	  f vertical_meters = 4.000000;
	}
	[t:decal,n:*]
	{
		decal_orientation = 1.000000,0.000000,0.000000,0.000000,0.164399,-0.986394,0.000000,0.986394,0.164399;
		decal_origin = 1.649628,0.393849,-2.119668,0x4CB51CC3;
	  f far_plane = 1.100000;
	  x guid = 0xD5961935;
	  f horizontal_meters = 4.000000;
	  f lod = 1.000000;
	  f near_plane = 0.100000;
		texture = Art\Bitmaps\Decals\b_d_ic01-a.%img%;
	  f vertical_meters = 4.000000;
	}
	[t:decal,n:*]
	{
		decal_orientation = -0.995037,-0.096504,-0.024246,0.000000,0.243674,-0.969857,0.099504,-0.965044,-0.242464;
		decal_origin = 0.309134,0.603242,-0.469572,0x4CB51CC3;
	  f far_plane = 1.100000;
	  x guid = 0xF958736F;
	  f horizontal_meters = 4.000000;
	  f lod = 1.000000;
	  f near_plane = 0.100000;
		texture = Art\Bitmaps\Decals\b_d_ic01-a.%img%;
	  f vertical_meters = 4.000000;
	}
	[t:decal,n:*]
	{
		decal_orientation = 1.000000,0.000000,0.000000,0.000000,0.049938,-0.998752,0.000000,0.998752,0.049938;
		decal_origin = -2.819109,0.402742,-1.970131,0x4CB51CC3;
	  f far_plane = 1.100000;
	  x guid = 0xCD0A2BC1;
	  f horizontal_meters = 4.000000;
	  f lod = 1.000000;
	  f near_plane = 0.100000;
		texture = Art\Bitmaps\Decals\b_d_ic01-a.%img%;
	  f vertical_meters = 4.000000;
	}
	[t:decal,n:*]
	{
		decal_orientation = 0.544988,0.720119,0.429438,0.000000,0.512184,-0.858876,-0.838444,0.468077,0.279135;
		decal_origin = -0.875817,0.575302,1.688913,0x85D7F887;
	  f far_plane = 1.100000;
	  x guid = 0xA3DDAEEB;
	  f horizontal_meters = 4.000000;
	  f lod = 1.000000;
	  f near_plane = 0.100000;
		texture = Art\Bitmaps\Decals\b_d_ic01-a.%img%;
	  f vertical_meters = 4.000000;
	}
	[t:decal,n:*]
	{
		decal_orientation = 1.000000,0.000000,0.000000,0.000000,0.148340,-0.988936,0.000000,0.988936,0.148340;
		decal_origin = 0.143228,0.934386,1.821333,0x85D7F887;
	  f far_plane = 1.100000;
	  x guid = 0x56CDA973;
	  f horizontal_meters = 4.000000;
	  f lod = 1.000000;
	  f near_plane = 0.100000;
		texture = Art\Bitmaps\Decals\b_d_ic01-a.%img%;
	  f vertical_meters = 4.000000;
	}
	[t:decal,n:*]
	{
		decal_orientation = 0.000000,-0.995037,-0.099504,0.000000,0.099504,-0.995037,1.000000,0.000000,0.000000;
		decal_origin = -1.547512,0.498875,0.846985,0x85D7F887;
	  f far_plane = 1.100000;
	  x guid = 0xBD242C07;
	  f horizontal_meters = 4.000000;
	  f lod = 1.000000;
	  f near_plane = 0.100000;
		texture = Art\Bitmaps\Decals\b_d_ic01-a.%img%;
	  f vertical_meters = 4.000000;
	}
	[t:decal,n:*]
	{
		decal_orientation = 0.000000,-0.996546,-0.083045,0.000000,0.083045,-0.996546,1.000000,0.000000,0.000000;
		decal_origin = -1.714504,0.481947,-1.529785,0x85D7F887;
	  f far_plane = 1.100000;
	  x guid = 0x7A62798C;
	  f horizontal_meters = 4.000000;
	  f lod = 1.000000;
	  f near_plane = 0.100000;
		texture = Art\Bitmaps\Decals\b_d_ic01-a.%img%;
	  f vertical_meters = 4.000000;
	}
	[t:decal,n:*]
	{
		decal_orientation = 0.000000,-1.000000,0.000000,0.000000,0.000000,-1.000000,1.000000,0.000000,0.000000;
		decal_origin = 0.366247,-1.000000,-5.789980,0x63D0C005;
	  f far_plane = 1.100000;
	  x guid = 0x46BBBE34;
	  f horizontal_meters = 4.000000;
	  f lod = 1.000000;
	  f near_plane = 0.100000;
		texture = Art\Bitmaps\Decals\b_d_ic01-a.%img%;
	  f vertical_meters = 4.000000;
	}
	[t:decal,n:*]
	{
		decal_orientation = 1.000000,0.000000,0.000000,0.000000,0.164399,-0.986394,0.000000,0.986394,0.164399;
		decal_origin = -2.011052,-1.006345,-6.120821,0x63D0C005;
	  f far_plane = 1.100000;
	  x guid = 0xB8D00910;
	  f horizontal_meters = 4.000000;
	  f lod = 1.000000;
	  f near_plane = 0.100000;
		texture = Art\Bitmaps\Decals\b_d_ic01-a.%img%;
	  f vertical_meters = 4.000000;
	}
	[t:decal,n:*]
	{
		decal_orientation = 1.000000,0.000000,0.000000,0.000000,0.219512,-0.975610,0.000000,0.975610,0.219512;
		decal_origin = -4.987954,-0.969357,-5.974912,0x63D0C005;
	  f far_plane = 1.100000;
	  x guid = 0x4898F7AE;
	  f horizontal_meters = 4.000000;
	  f lod = 1.000000;
	  f near_plane = 0.100000;
		texture = Art\Bitmaps\Decals\b_d_ic01-a.%img%;
	  f vertical_meters = 4.000000;
	}
	[t:decal,n:*]
	{
		decal_orientation = 0.000000,0.975610,0.219512,0.000000,0.219512,-0.975610,-1.000000,0.000000,0.000000;
		decal_origin = -6.204024,-1.020905,-4.601099,0x63D0C005;
	  f far_plane = 1.100000;
	  x guid = 0xB25D21C3;
	  f horizontal_meters = 4.000000;
	  f lod = 1.000000;
	  f near_plane = 0.100000;
		texture = Art\Bitmaps\Decals\b_d_ic01-a.%img%;
	  f vertical_meters = 4.000000;
	}
	[t:decal,n:*]
	{
		decal_orientation = 0.000000,-1.000000,0.000000,0.000000,0.000000,-1.000000,1.000000,0.000000,0.000000;
		decal_origin = -1.897280,-1.000000,-2.582582,0x63D0C005;
	  f far_plane = 1.100000;
	  x guid = 0xF69C7359;
	  f horizontal_meters = 4.000000;
	  f lod = 1.000000;
	  f near_plane = 0.100000;
		texture = Art\Bitmaps\Decals\b_d_ic01-a.%img%;
	  f vertical_meters = 4.000000;
	}
	[t:decal,n:*]
	{
		decal_orientation = 0.999974,-0.006493,-0.003123,0.000000,0.433505,-0.901151,0.007205,0.901128,0.433494;
		decal_origin = -0.071180,-0.880742,-2.481977,0x63D0C005;
	  f far_plane = 1.100000;
	  x guid = 0x20CDCB2E;
	  f horizontal_meters = 4.000000;
	  f lod = 1.000000;
	  f near_plane = 0.100000;
		texture = Art\Bitmaps\Decals\b_d_ic01-a.%img%;
	  f vertical_meters = 4.000000;
	}
	[t:decal,n:*]
	{
		decal_orientation = 1.000000,0.000000,0.000000,0.000000,0.424232,-0.905554,0.000000,0.905554,0.424232;
		decal_origin = 1.876479,-1.075882,-2.884598,0x63D0C005;
	  f far_plane = 1.100000;
	  x guid = 0x6E7828B2;
	  f horizontal_meters = 4.000000;
	  f lod = 1.000000;
	  f near_plane = 0.100000;
		texture = Art\Bitmaps\Decals\b_d_ic01-a.%img%;
	  f vertical_meters = 4.000000;
	}
	[t:decal,n:*]
	{
		decal_orientation = 0.000000,0.998460,0.055470,0.000000,0.055470,-0.998460,-1.000000,0.000000,0.000000;
		decal_origin = 1.757819,-0.911915,-4.300742,0x63D0C005;
	  f far_plane = 1.100000;
	  x guid = 0x5CBB51B7;
	  f horizontal_meters = 4.000000;
	  f lod = 1.000000;
	  f near_plane = 0.100000;
		texture = Art\Bitmaps\Decals\b_d_ic01-a.%img%;
	  f vertical_meters = 4.000000;
	}
	[t:decal,n:*]
	{
		decal_orientation = 0.998625,-0.052311,-0.003458,0.000000,0.065969,-0.997822,0.052425,0.996450,0.065879;
		decal_origin = 1.797971,-0.717426,-1.311571,0x63D0C005;
	  f far_plane = 1.100000;
	  x guid = 0xB3A83600;
	  f horizontal_meters = 4.000000;
	  f lod = 1.000000;
	  f near_plane = 0.100000;
		texture = Art\Bitmaps\Decals\b_d_ic01-a.%img%;
	  f vertical_meters = 4.000000;
	}
	[t:decal,n:*]
	{
		decal_orientation = 0.999989,0.004664,0.000308,0.000000,0.065880,-0.997828,-0.004674,0.997817,0.065879;
		decal_origin = 1.924233,-0.558142,1.112092,0x63D0C005;
	  f far_plane = 1.100000;
	  x guid = 0x5DE0ABED;
	  f horizontal_meters = 4.000000;
	  f lod = 1.000000;
	  f near_plane = 0.100000;
		texture = Art\Bitmaps\Decals\b_d_ic01-a.%img%;
	  f vertical_meters = 4.000000;
	}
	[t:decal,n:*]
	{
		decal_orientation = 0.606043,-0.785199,-0.127177,0.000000,0.159884,-0.987136,0.795432,0.598247,0.096897;
		decal_origin = 4.708345,-0.739490,-2.030367,0x63D0C005;
	  f far_plane = 1.100000;
	  x guid = 0x58E596FE;
	  f horizontal_meters = 4.000000;
	  f lod = 1.000000;
	  f near_plane = 0.100000;
		texture = Art\Bitmaps\Decals\b_d_ic01-a.%img%;
	  f vertical_meters = 4.000000;
	}
	[t:decal,n:*]
	{
		decal_orientation = 0.000000,-0.923077,-0.384615,0.000000,0.384615,-0.923077,1.000000,0.000000,0.000000;
