[decals]
{
	[t:decal,n:*]
	{
		decal_orientation = 0.000000,-1.000000,0.000000,0.000000,0.000000,-1.000000,1.000000,0.000000,0.000000;
		decal_origin = -0.889309,6.800000,-1.967293,0x60C47BBA;
	  f far_plane = 1.100000;
	  x guid = 0x9A84E618;
	  f horizontal_meters = 4.000000;
	  f lod = 1.000000;
	  f near_plane = 0.100000;
		texture = Art\Bitmaps\Decals\b_d_ic01-a.%img%;
	  f vertical_meters = 4.000000;
	}
	[t:decal,n:*]
	{
		decal_orientation = 1.000000,0.000000,0.000000,0.000000,0.066519,-0.997785,0.000000,0.997785,0.066519;
		decal_origin = 0.742284,12.800872,-1.929459,0xBF5DF725;
	  f far_plane = 1.100000;
	  x guid = 0xAF872665;
	  f horizontal_meters = 4.000000;
	  f lod = 0.000000;
	  f near_plane = 0.100000;
		texture = Art\Bitmaps\Decals\b_d_ic01-a.%img%;
	  f vertical_meters = 4.000000;
	}
	[t:decal,n:*]
	{
		decal_orientation = -1.000000,0.000000,0.000000,0.000000,0.039968,-0.999201,0.000000,-0.999201,-0.039968;
		decal_origin = 1.132672,12.856439,0.609016,0xBF5DF725;
	  f far_plane = 1.100000;
	  x guid = 0xE8F64099;
	  f horizontal_meters = 4.000000;
	  f lod = 1.000000;
	  f near_plane = 0.100000;
		texture = Art\Bitmaps\Decals\b_d_ic01-a.%img%;
	  f vertical_meters = 4.000000;
	}
	[t:decal,n:*]
	{
		decal_orientation = 0.913138,0.406569,0.029683,0.000000,0.072815,-0.997346,-0.407651,0.910714,0.066490;
		decal_origin = 9.088879,2.287556,5.933720,0x40D91FB6;
	  f far_plane = 1.100000;
	  x guid = 0xEDC1B13B;
	  f horizontal_meters = 4.000000;
	  f lod = 0.000000;
	  f near_plane = 0.100000;
		texture = Art\Bitmaps\Decals\b_d_ic01-a.%img%;
	  f vertical_meters = 4.000000;
	}
	[t:decal,n:*]
	{
		decal_orientation = 1.000000,0.000000,0.000000,0.000000,0.104685,-0.994506,0.000000,0.994506,0.104685;
		decal_origin = 9.977672,2.245493,2.133503,0x40D91FB6;
	  f far_plane = 1.100000;
	  x guid = 0xDD5F7BBA;
	  f horizontal_meters = 4.000000;
	  f lod = 0.000000;
	  f near_plane = 0.100000;
		texture = Art\Bitmaps\Decals\b_d_ic01-a.%img%;
	  f vertical_meters = 4.000000;
	}
	[t:decal,n:*]
	{
		decal_orientation = -0.960346,0.000000,-0.278810,0.000000,1.000000,0.000000,0.278810,0.000000,-0.960346;
		decal_origin = 0.213581,9.390029,1.955090,0xA2EB626D;
	  f far_plane = 1.100000;
	  x guid = 0x55839851;
	  f horizontal_meters = 1.000000;
	  f lod = 1.000000;
	  f near_plane = 0.100000;
		texture = Art\Bitmaps\Decals\b_d_ic01-a.%img%;
	  f vertical_meters = 1.000000;
	}
	[t:decal,n:*]
	{
		decal_orientation = 0.000000,-1.000000,0.000000,0.000000,0.000000,-1.000000,1.000000,0.000000,0.000000;
		decal_origin = 2.604509,1.000000,0.332546,0x58396019;
	  f far_plane = 1.100000;
	  x guid = 0xC3BB218E;
	  f horizontal_meters = 4.000000;
	  f lod = 1.000000;
	  f near_plane = 0.100000;
		texture = Art\Bitmaps\Decals\b_d_swp-path.%img%;
	  f vertical_meters = 4.000000;
	}
	[t:decal,n:*]
	{
		decal_orientation = 0.000000,0.000000,-1.000000,0.000000,1.000000,0.000000,1.000000,0.000000,0.000000;
		decal_origin = -1.864170,11.446752,-1.427612,0x3CA3E133;
	  f far_plane = 1.100000;
	  x guid = 0x202A8EB4;
	  f horizontal_meters = 4.000000;
	  f lod = 1.000000;
	  f near_plane = 0.100000;
		texture = Art\Bitmaps\Decals\b_d_ic01-path.%img%;
	  f vertical_meters = 4.000000;
	}
	[t:decal,n:*]
	{
		decal_orientation = 0.842271,-0.538847,-0.014920,0.000000,0.027678,-0.999617,0.539054,0.841949,0.023312;
		decal_origin = -2.068070,-10.952143,-0.387787,0x3CA3E133;
	  f far_plane = 1.100000;
	  x guid = 0x8BF8FB31;
	  f horizontal_meters = 4.000000;
	  f lod = 1.000000;
	  f near_plane = 0.100000;
		texture = Art\Bitmaps\Decals\b_d_swp-path.%img%;
	  f vertical_meters = 4.000000;
	}
	[t:decal,n:*]
	{
		decal_orientation = -0.995197,0.097874,0.001684,0.000000,0.017205,-0.999852,-0.097888,-0.995050,-0.017123;
		decal_origin = 1.873731,-10.978444,0.443903,0x3CA3E133;
	  f far_plane = 1.100000;
	  x guid = 0x406E4206;
	  f horizontal_meters = 4.000000;
	  f lod = 1.000000;
	  f near_plane = 0.100000;
		texture = Art\Bitmaps\Decals\b_d_swp-path.%img%;
	  f vertical_meters = 4.000000;
	}
	[t:decal,n:*]
	{
		decal_orientation = -1.000000,0.000000,0.000000,0.000000,0.141422,-0.989949,0.000000,-0.989949,-0.141422;
		decal_origin = -1.473253,-11.009717,2.139077,0x3CA3E133;
	  f far_plane = 1.100000;
	  x guid = 0x55C070ED;
	  f horizontal_meters = 4.000000;
	  f lod = 1.000000;
	  f near_plane = 0.100000;
		texture = Art\Bitmaps\Decals\b_d_swp-path.%img%;
	  f vertical_meters = 4.000000;
	}
	[t:decal,n:*]
	{
		decal_orientation = 0.196116,-0.979936,-0.035564,0.000000,0.036268,-0.999342,0.980581,0.195987,0.007113;
		decal_origin = -0.082456,-10.998711,1.676704,0x3CA3E133;
	  f far_plane = 1.100000;
	  x guid = 0xF4C2D8D0;
	  f horizontal_meters = 4.000000;
	  f lod = 1.000000;
	  f near_plane = 0.100000;
		texture = Art\Bitmaps\Decals\b_d_swp-path.%img%;
	  f vertical_meters = 4.000000;
	}
	[t:decal,n:*]
	{
		decal_orientation = 0.197353,0.071311,0.977735,0.000000,0.997351,-0.072742,-0.980332,0.014356,0.196831;
		decal_origin = 1.890719,-7.238279,0.323731,0x05763A59;
	  f far_plane = 1.100000;
	  x guid = 0x41B9B729;
	  f horizontal_meters = 4.000000;
	  f lod = 1.000000;
	  f near_plane = 0.100000;
		texture = Art\Bitmaps\Decals\b_d_ic01-path.%img%;
	  f vertical_meters = 4.000000;
	}
	[t:decal,n:*]
	{
		decal_orientation = 0.000000,0.008333,0.999965,0.000000,0.999965,-0.008333,-1.000000,0.000000,0.000000;
		decal_origin = 1.961960,-4.560624,0.145676,0x05763A59;
	  f far_plane = 1.100000;
	  x guid = 0x9E690C74;
	  f horizontal_meters = 4.000000;
	  f lod = 1.000000;
	  f near_plane = 0.100000;
		texture = Art\Bitmaps\Decals\b_d_ic01-path.%img%;
	  f vertical_meters = 4.000000;
	}
	[t:decal,n:*]
	{
		decal_orientation = 0.000000,0.008333,0.999965,0.000000,0.999965,-0.008333,-1.000000,0.000000,0.000000;
		decal_origin = 1.977571,-2.687334,-0.036130,0x05763A59;
	  f far_plane = 1.100000;
	  x guid = 0x92B69FA3;
	  f horizontal_meters = 4.000000;
	  f lod = 1.000000;
	  f near_plane = 0.100000;
		texture = Art\Bitmaps\Decals\b_d_ic01-path.%img%;
	  f vertical_meters = 4.000000;
	}
	[t:decal,n:*]
	{
		decal_orientation = 0.000000,0.008333,0.999965,0.000000,0.999965,-0.008333,-1.000000,0.000000,0.000000;
		decal_origin = 1.994930,-0.604296,-0.007430,0x05763A59;
	  f far_plane = 1.100000;
	  x guid = 0xA68ECC68;
	  f horizontal_meters = 4.000000;
	  f lod = 1.000000;
	  f near_plane = 0.100000;
		texture = Art\Bitmaps\Decals\b_d_ic01-path.%img%;
	  f vertical_meters = 4.000000;
	}
	[t:decal,n:*]
	{
		decal_orientation = 0.000000,-0.008333,0.999965,0.000000,0.999965,0.008333,-1.000000,0.000000,0.000000;
		decal_origin = 1.987404,1.507426,-0.091507,0x05763A59;
	  f far_plane = 1.100000;
	  x guid = 0x815BFC72;
	  f horizontal_meters = 4.000000;
	  f lod = 1.000000;
	  f near_plane = 0.100000;
		texture = Art\Bitmaps\Decals\b_d_ic01-path.%img%;
	  f vertical_meters = 4.000000;
	}
	[t:decal,n:*]
	{
		decal_orientation = 0.000000,-0.008333,0.999965,0.000000,0.999965,0.008333,-1.000000,0.000000,0.000000;
		decal_origin = 1.969418,3.665631,-0.230495,0x05763A59;
	  f far_plane = 1.100000;
	  x guid = 0xE9069CBA;
	  f horizontal_meters = 4.000000;
	  f lod = 1.000000;
	  f near_plane = 0.100000;
		texture = Art\Bitmaps\Decals\b_d_ic01-path.%img%;
	  f vertical_meters = 4.000000;
	}
	[t:decal,n:*]
	{
		decal_orientation = 0.000000,-0.008333,0.999965,0.000000,0.999965,0.008333,-1.000000,0.000000,0.000000;
		decal_origin = 1.951290,5.841055,-0.274309,0x05763A59;
	  f far_plane = 1.100000;
	  x guid = 0x90AD65CC;
	  f horizontal_meters = 4.000000;
	  f lod = 1.000000;
	  f near_plane = 0.100000;
		texture = Art\Bitmaps\Decals\b_d_ic01-path.%img%;
	  f vertical_meters = 4.000000;
	}
	[t:decal,n:*]
	{
		decal_orientation = 0.000000,0.000000,1.000000,0.000000,1.000000,0.000000,-1.000000,0.000000,0.000000;
		decal_origin = 1.950000,8.061211,-0.582912,0x05763A59;
	  f far_plane = 1.100000;
	  x guid = 0x0907EE9B;
	  f horizontal_meters = 4.000000;
	  f lod = 1.000000;
	  f near_plane = 0.100000;
		texture = Art\Bitmaps\Decals\b_d_ic01-path.%img%;
	  f vertical_meters = 4.000000;
	}
	[t:decal,n:*]
	{
		decal_orientation = 0.000000,0.000000,1.000000,0.000000,1.000000,0.000000,-1.000000,0.000000,0.000000;
		decal_origin = 1.950000,10.518049,-1.057153,0x05763A59;
	  f far_plane = 1.100000;
	  x guid = 0x0276FD38;
	  f horizontal_meters = 4.000000;
	  f lod = 1.000000;
	  f near_plane = 0.100000;
		texture = Art\Bitmaps\Decals\b_d_ic01-path.%img%;
	  f vertical_meters = 4.000000;
	}
	[t:decal,n:*]
	{
		decal_orientation = 0.104166,-0.226325,-0.968466,0.000000,0.973763,-0.227563,0.994560,0.023704,0.101433;
		decal_origin = -1.760213,-7.015936,0.221945,0x05763A59;
	  f far_plane = 1.100000;
	  x guid = 0xFC9B4532;
	  f horizontal_meters = 4.000000;
	  f lod = 1.000000;
	  f near_plane = 0.100000;
		texture = Art\Bitmaps\Decals\b_d_ic01-path.%img%;
	  f vertical_meters = 4.000000;
	}
	[t:decal,n:*]
	{
		decal_orientation = -0.214302,-0.072512,-0.974072,0.000000,0.997241,-0.074236,0.976767,-0.015909,-0.213711;
		decal_origin = -1.760322,-7.699944,0.847297,0x05763A59;
	  f far_plane = 1.100000;
	  x guid = 0x73852195;
	  f horizontal_meters = 4.000000;
	  f lod = 1.000000;
	  f near_plane = 0.100000;
		texture = Art\Bitmaps\Decals\b_d_ic01-path.%img%;
	  f vertical_meters = 4.000000;
	}
	[t:decal,n:*]
	{
		decal_orientation = 0.000000,0.000000,-1.000000,0.000000,1.000000,0.000000,1.000000,0.000000,0.000000;
		decal_origin = -1.950000,-5.125674,0.184072,0x05763A59;
	  f far_plane = 1.100000;
	  x guid = 0xA9A91B4D;
	  f horizontal_meters = 4.000000;
	  f lod = 1.000000;
	  f near_plane = 0.100000;
		texture = Art\Bitmaps\Decals\b_d_ic01-path.%img%;
	  f vertical_meters = 4.000000;
	}
	[t:decal,n:*]
	{
		decal_orientation = 0.000000,0.000000,-1.000000,0.000000,1.000000,0.000000,1.000000,0.000000,0.000000;
		decal_origin = -1.950000,-2.875189,0.605771,0x05763A59;
	  f far_plane = 1.100000;
	  x guid = 0xEAE0DFA9;
	  f horizontal_meters = 4.000000;
	  f lod = 1.000000;
	  f near_plane = 0.100000;
		texture = Art\Bitmaps\Decals\b_d_ic01-path.%img%;
	  f vertical_meters = 4.000000;
	}
	[t:decal,n:*]
	{
		decal_orientation = 0.000000,0.000000,-1.000000,0.000000,1.000000,0.000000,1.000000,0.000000,0.000000;
		decal_origin = -1.950000,-1.043310,0.571194,0x05763A59;
	  f far_plane = 1.100000;
	  x guid = 0xC4CC1059;
	  f horizontal_meters = 4.000000;
	  f lod = 1.000000;
	  f near_plane = 0.100000;
		texture = Art\Bitmaps\Decals\b_d_ic01-path.%img%;
	  f vertical_meters = 4.000000;
	}
	[t:decal,n:*]
	{
		decal_orientation = 0.000000,0.000000,-1.000000,0.000000,1.000000,0.000000,1.000000,0.000000,0.000000;
		decal_origin = -1.950000,0.639115,0.326039,0x05763A59;
	  f far_plane = 1.100000;
	  x guid = 0x568B6E67;
	  f horizontal_meters = 4.000000;
	  f lod = 1.000000;
	  f near_plane = 0.100000;
		texture = Art\Bitmaps\Decals\b_d_ic01-path.%img%;
	  f vertical_meters = 4.000000;
	}
	[t:decal,n:*]
	{
		decal_orientation = 0.000000,0.000000,-1.000000,0.000000,1.000000,0.000000,1.000000,0.000000,0.000000;
		decal_origin = -1.950000,2.786276,0.136950,0x05763A59;
	  f far_plane = 1.100000;
	  x guid = 0x8F3F0BFE;
	  f horizontal_meters = 4.000000;
	  f lod = 1.000000;
	  f near_plane = 0.100000;
		texture = Art\Bitmaps\Decals\b_d_ic01-path.%img%;
	  f vertical_meters = 4.000000;
	}
	[t:decal,n:*]
	{
		decal_orientation = 0.000000,0.000000,-1.000000,0.000000,1.000000,0.000000,1.000000,0.000000,0.000000;
		decal_origin = -1.950000,4.792582,0.005420,0x05763A59;
	  f far_plane = 1.100000;
	  x guid = 0x9ACCCEA4;
	  f horizontal_meters = 4.000000;
	  f lod = 1.000000;
	  f near_plane = 0.100000;
		texture = Art\Bitmaps\Decals\b_d_ic01-path.%img%;
	  f vertical_meters = 4.000000;
	}
	[t:decal,n:*]
	{
		decal_orientation = 0.000000,0.000000,-1.000000,0.000000,1.000000,0.000000,1.000000,0.000000,0.000000;
		decal_origin = -1.950000,6.547328,-0.092726,0x05763A59;
	  f far_plane = 1.100000;
	  x guid = 0xB4479C9D;
	  f horizontal_meters = 4.000000;
	  f lod = 1.000000;
	  f near_plane = 0.100000;
		texture = Art\Bitmaps\Decals\b_d_ic01-path.%img%;
	  f vertical_meters = 4.000000;
	}
	[t:decal,n:*]
	{
		decal_orientation = 0.000000,0.000000,-1.000000,0.000000,1.000000,0.000000,1.000000,0.000000,0.000000;
		decal_origin = -1.950000,8.428570,-0.681698,0x05763A59;
	  f far_plane = 1.100000;
	  x guid = 0xF447ADC3;
	  f horizontal_meters = 4.000000;
	  f lod = 1.000000;
	  f near_plane = 0.100000;
		texture = Art\Bitmaps\Decals\b_d_ic01-path.%img%;
	  f vertical_meters = 4.000000;
	}
	[t:decal,n:*]
	{
		decal_orientation = 0.000000,0.000000,-1.000000,0.000000,1.000000,0.000000,1.000000,0.000000,0.000000;
		decal_origin = -1.950001,10.004995,-0.980224,0x05763A59;
	  f far_plane = 1.100000;
	  x guid = 0x121A953F;
	  f horizontal_meters = 4.000000;
	  f lod = 1.000000;
	  f near_plane = 0.100000;
		texture = Art\Bitmaps\Decals\b_d_ic01-path.%img%;
	  f vertical_meters = 4.000000;
	}
	[t:decal,n:*]
	{
		decal_orientation = -1.000000,0.000000,0.000000,0.000000,0.024992,-0.999688,0.000000,-0.999688,-0.024992;
		decal_origin = -1.631306,12.829868,0.848495,0xC4236DB0;
	  f far_plane = 1.100000;
	  x guid = 0x7A94FAC4;
	  f horizontal_meters = 4.000000;
	  f lod = 1.000000;
	  f near_plane = 0.100000;
		texture = Art\Bitmaps\Decals\b_d_ic01-a.%img%;
	  f vertical_meters = 4.000000;
	}
	[t:decal,n:*]
	{
		decal_orientation = -1.000000,0.000000,0.000000,0.000000,0.022721,-0.999742,0.000000,-0.999742,-0.022721;
		decal_origin = 0.850754,3.352794,3.888370,0x932375A0;
	  f far_plane = 1.100000;
	  x guid = 0x70CCC97D;
	  f horizontal_meters = 4.000000;
	  f lod = 0.000000;
	  f near_plane = 0.100000;
		texture = Art\Bitmaps\Decals\b_d_ic01-a.%img%;
	  f vertical_meters = 4.000000;
	}
	[t:decal,n:*]
	{
		decal_orientation = 0.000000,0.999889,0.014924,0.000000,0.014924,-0.999889,-1.000000,0.000000,0.000000;
		decal_origin = -2.748870,3.356098,0.179279,0x389444D6;
	  f far_plane = 1.100000;
	  x guid = 0x033D617A;
	  f horizontal_meters = 4.000000;
	  f lod = 0.000000;
	  f near_plane = 0.100000;
		texture = Art\Bitmaps\Decals\b_d_ic01-a.%img%;
	  f vertical_meters = 4.000000;
	}
	[t:decal,n:*]
	{
		decal_orientation = -1.000000,0.000000,0.000000,0.000000,0.039968,-0.999201,0.000000,-0.999201,-0.039968;
		decal_origin = 0.853418,12.824045,1.418920,0x90A5EEEC;
	  f far_plane = 1.100000;
	  x guid = 0x9468E56E;
	  f horizontal_meters = 4.000000;
	  f lod = 1.000000;
	  f near_plane = 0.100000;
		texture = Art\Bitmaps\Decals\b_d_ic01-a.%img%;
	  f vertical_meters = 4.000000;
	}
}
