[decals]
{
	[t:decal,n:*]
	{
		decal_orientation = 0.000000,-1.000000,0.000000,0.000000,0.000000,-1.000000,1.000000,0.000000,0.000000;
		decal_origin = -0.889309,6.800000,-1.967293,0x60C47BBA;
	  f far_plane = 1.100000;
	  x guid = 0x9A84E618;
	  f horizontal_meters = 4.000000;
	  f lod = 1.000000;
	  f near_plane = 0.100000;
		texture = Art\Bitmaps\Decals\b_d_sr02-a.%img%;
	  f vertical_meters = 4.000000;
	}
	[t:decal,n:*]
	{
		decal_orientation = 1.000000,0.000000,0.000000,0.000000,0.066519,-0.997785,0.000000,0.997785,0.066519;
		decal_origin = 0.742284,12.800872,-1.929459,0xBF5DF725;
	  f far_plane = 1.100000;
	  x guid = 0xAF872665;
	  f horizontal_meters = 4.000000;
	  f lod = 0.000000;
	  f near_plane = 0.100000;
		texture = Art\Bitmaps\Decals\b_d_sr02-a.%img%;
	  f vertical_meters = 4.000000;
	}
	[t:decal,n:*]
	{
		decal_orientation = -1.000000,0.000000,0.000000,0.000000,0.039968,-0.999201,0.000000,-0.999201,-0.039968;
		decal_origin = 1.132672,12.856439,0.609016,0xBF5DF725;
	  f far_plane = 1.100000;
	  x guid = 0xE8F64099;
	  f horizontal_meters = 4.000000;
	  f lod = 1.000000;
	  f near_plane = 0.100000;
		texture = Art\Bitmaps\Decals\b_d_sr02-a.%img%;
	  f vertical_meters = 4.000000;
	}
	[t:decal,n:*]
	{
		decal_orientation = 0.913138,0.406569,0.029683,0.000000,0.072815,-0.997346,-0.407651,0.910714,0.066490;
		decal_origin = 9.088879,2.287556,5.933720,0x40D91FB6;
	  f far_plane = 1.100000;
	  x guid = 0xEDC1B13B;
	  f horizontal_meters = 4.000000;
	  f lod = 0.000000;
	  f near_plane = 0.100000;
		texture = Art\Bitmaps\Decals\b_d_sr02-a.%img%;
	  f vertical_meters = 4.000000;
	}
	[t:decal,n:*]
	{
		decal_orientation = 1.000000,0.000000,0.000000,0.000000,0.104685,-0.994506,0.000000,0.994506,0.104685;
		decal_origin = 9.977672,2.245493,2.133503,0x40D91FB6;
	  f far_plane = 1.100000;
	  x guid = 0xDD5F7BBA;
	  f horizontal_meters = 4.000000;
	  f lod = 0.000000;
	  f near_plane = 0.100000;
		texture = Art\Bitmaps\Decals\b_d_sr02-a.%img%;
	  f vertical_meters = 4.000000;
	}
	[t:decal,n:*]
	{
		decal_orientation = -0.960346,0.000000,-0.278810,0.000000,1.000000,0.000000,0.278810,0.000000,-0.960346;
		decal_origin = 0.213581,9.390029,1.955090,0xA2EB626D;
	  f far_plane = 1.100000;
	  x guid = 0x55839851;
	  f horizontal_meters = 1.000000;
	  f lod = 1.000000;
	  f near_plane = 0.100000;
		texture = Art\Bitmaps\Decals\b_d_sr02-a.%img%;
	  f vertical_meters = 1.000000;
	}
	[t:decal,n:*]
	{
		decal_orientation = -1.000000,0.000000,0.000000,0.000000,0.024992,-0.999688,0.000000,-0.999688,-0.024992;
		decal_origin = -1.631306,12.829868,0.848495,0xC4236DB0;
	  f far_plane = 1.100000;
	  x guid = 0x7A94FAC4;
	  f horizontal_meters = 4.000000;
	  f lod = 1.000000;
	  f near_plane = 0.100000;
		texture = Art\Bitmaps\Decals\b_d_sr02-a.%img%;
	  f vertical_meters = 4.000000;
	}
	[t:decal,n:*]
	{
		decal_orientation = -1.000000,0.000000,0.000000,0.000000,0.022721,-0.999742,0.000000,-0.999742,-0.022721;
		decal_origin = 0.850754,3.352794,3.888370,0x932375A0;
	  f far_plane = 1.100000;
	  x guid = 0x70CCC97D;
	  f horizontal_meters = 4.000000;
	  f lod = 0.000000;
	  f near_plane = 0.100000;
		texture = Art\Bitmaps\Decals\b_d_sr02-a.%img%;
	  f vertical_meters = 4.000000;
	}
	[t:decal,n:*]
	{
		decal_orientation = 0.000000,0.999889,0.014924,0.000000,0.014924,-0.999889,-1.000000,0.000000,0.000000;
		decal_origin = -2.748870,3.356098,0.179279,0x389444D6;
	  f far_plane = 1.100000;
	  x guid = 0x033D617A;
	  f horizontal_meters = 4.000000;
	  f lod = 0.000000;
	  f near_plane = 0.100000;
		texture = Art\Bitmaps\Decals\b_d_sr02-a.%img%;
	  f vertical_meters = 4.000000;
	}
	[t:decal,n:*]
	{
		decal_orientation = -1.000000,0.000000,0.000000,0.000000,0.039968,-0.999201,0.000000,-0.999201,-0.039968;
		decal_origin = 0.853418,12.824045,1.418920,0x90A5EEEC;
	  f far_plane = 1.100000;
	  x guid = 0x9468E56E;
	  f horizontal_meters = 4.000000;
	  f lod = 1.000000;
	  f near_plane = 0.100000;
		texture = Art\Bitmaps\Decals\b_d_sr02-a.%img%;
	  f vertical_meters = 4.000000;
	}
}
