[decals]
{
	[t:decal,n:*]
	{
		decal_orientation = 0.000000,1.000000,0.000000,0.000000,0.000000,-1.000000,-1.000000,0.000000,0.000000;
		decal_origin = 0.855876,0.999999,1.212035,0xA376CE00;
	  f far_plane = 1.100000;
	  x guid = 0x08B1EBC8;
	  f horizontal_meters = 4.000000;
	  f lod = 1.000000;
	  f near_plane = 0.100000;
		texture = Art\Bitmaps\Decals\b_d_grs01-a.%img%;
	  f vertical_meters = 4.000000;
	}
	[t:decal,n:*]
	{
		decal_orientation = 0.000000,-1.000000,0.000000,0.000000,0.000000,-1.000000,1.000000,0.000000,0.000000;
		decal_origin = 2.774063,1.000000,1.008692,0xA376CE00;
	  f far_plane = 1.100000;
	  x guid = 0x3DB1DE76;
	  f horizontal_meters = 4.000000;
	  f lod = 1.000000;
	  f near_plane = 0.100000;
		texture = Art\Bitmaps\Decals\b_d_grs01-a.%img%;
	  f vertical_meters = 4.000000;
	}
	[t:decal,n:*]
	{
		decal_orientation = 0.000000,-1.000000,0.000000,0.000000,0.000000,-1.000000,1.000000,0.000000,0.000000;
		decal_origin = -1.441680,1.000000,1.302576,0xA376CE00;
	  f far_plane = 1.100000;
	  x guid = 0xCE162744;
	  f horizontal_meters = 4.000000;
	  f lod = 1.000000;
	  f near_plane = 0.100000;
		texture = Art\Bitmaps\Decals\b_d_grs01-a.%img%;
	  f vertical_meters = 4.000000;
	}
	[t:decal,n:*]
	{
		decal_orientation = 0.000000,-1.000000,0.000000,0.000000,0.000000,-1.000000,1.000000,0.000000,0.000000;
		decal_origin = -2.951733,1.000000,0.969131,0xA376CE00;
	  f far_plane = 1.100000;
	  x guid = 0xF14CD247;
	  f horizontal_meters = 4.000000;
	  f lod = 1.000000;
	  f near_plane = 0.100000;
		texture = Art\Bitmaps\Decals\b_d_grs01-a.%img%;
	  f vertical_meters = 4.000000;
	}
	[t:decal,n:*]
	{
		decal_orientation = 0.000000,-1.000000,0.000000,0.000000,0.000000,-1.000000,1.000000,0.000000,0.000000;
		decal_origin = -0.217033,-1.050001,-3.913667,0x7FDD3ACD;
	  f far_plane = 1.100000;
	  x guid = 0x8088812B;
	  f horizontal_meters = 4.000000;
	  f lod = 1.000000;
	  f near_plane = 0.100000;
		texture = Art\Bitmaps\Decals\b_d_grs01-a.%img%;
	  f vertical_meters = 4.000000;
	}
	[t:decal,n:*]
	{
		decal_orientation = 0.000000,-1.000000,0.000000,0.000000,0.000000,-1.000000,1.000000,0.000000,0.000000;
		decal_origin = 2.510280,-1.050001,-3.707548,0x7FDD3ACD;
	  f far_plane = 1.100000;
	  x guid = 0x377853BE;
	  f horizontal_meters = 4.000000;
	  f lod = 1.000000;
	  f near_plane = 0.100000;
		texture = Art\Bitmaps\Decals\b_d_grs01-a.%img%;
	  f vertical_meters = 4.000000;
	}
	[t:decal,n:*]
	{
		decal_orientation = 0.996546,0.056010,0.061314,0.000000,0.738317,-0.674453,-0.083045,0.672123,0.735767;
		decal_origin = -0.579945,2.592244,2.311260,0x7FDD3ACD;
	  f far_plane = 1.100000;
	  x guid = 0x08E1D1DA;
	  f horizontal_meters = 4.000000;
	  f lod = 1.000000;
	  f near_plane = 0.100000;
		texture = Art\Bitmaps\Decals\b_d_grs01-a.%img%;
	  f vertical_meters = 4.000000;
	}
	[t:decal,n:*]
	{
		decal_orientation = -0.928477,0.369337,0.038999,0.000000,0.105008,-0.994471,-0.371391,-0.923343,-0.097497;
		decal_origin = -0.564164,2.979924,3.525817,0x7FDD3ACD;
	  f far_plane = 1.100000;
	  x guid = 0x29571D64;
	  f horizontal_meters = 4.000000;
	  f lod = 1.000000;
	  f near_plane = 0.100000;
		texture = Art\Bitmaps\Decals\b_d_grs01-a.%img%;
	  f vertical_meters = 4.000000;
	}
	[t:decal,n:*]
	{
		decal_orientation = 0.000000,-1.000000,0.000000,0.000000,0.000000,-1.000000,1.000000,0.000000,0.000000;
		decal_origin = 0.374028,1.000000,-1.675929,0xCDF04F4E;
	  f far_plane = 1.100000;
	  x guid = 0xDC093F26;
	  f horizontal_meters = 4.000000;
	  f lod = 1.000000;
	  f near_plane = 0.100000;
		texture = Art\Bitmaps\Decals\b_d_grs01-a.%img%;
	  f vertical_meters = 4.000000;
	}
	[t:decal,n:*]
	{
		decal_orientation = 0.000000,-1.000000,0.000000,0.000000,0.000000,-1.000000,1.000000,0.000000,0.000000;
		decal_origin = -1.075863,1.000000,0.919803,0xCDF04F4E;
	  f far_plane = 1.100000;
	  x guid = 0xE57B87AC;
	  f horizontal_meters = 4.000000;
	  f lod = 1.000000;
	  f near_plane = 0.100000;
		texture = Art\Bitmaps\Decals\b_d_grs01-a.%img%;
	  f vertical_meters = 4.000000;
	}
	[t:decal,n:*]
	{
		decal_orientation = 0.000000,-1.000000,0.000000,0.000000,0.000000,-1.000000,1.000000,0.000000,0.000000;
		decal_origin = 1.175931,0.999998,0.826363,0xCDF04F4E;
	  f far_plane = 1.100000;
	  x guid = 0xDCB79695;
	  f horizontal_meters = 4.000000;
	  f lod = 1.000000;
	  f near_plane = 0.100000;
		texture = Art\Bitmaps\Decals\b_d_grs01-a.%img%;
	  f vertical_meters = 4.000000;
	}
	[t:decal,n:*]
	{
		decal_orientation = 0.000000,-1.000000,0.000000,0.000000,0.000000,-1.000000,1.000000,0.000000,0.000000;
		decal_origin = 1.117020,1.000000,1.991589,0xCDF04F4E;
	  f far_plane = 1.100000;
	  x guid = 0x61468800;
	  f horizontal_meters = 4.000000;
	  f lod = 1.000000;
	  f near_plane = 0.100000;
		texture = Art\Bitmaps\Decals\b_d_grs01-a.%img%;
	  f vertical_meters = 4.000000;
	}
	[t:decal,n:*]
	{
		decal_orientation = 0.996546,0.056010,0.061314,0.000000,0.738317,-0.674453,-0.083045,0.672123,0.735767;
		decal_origin = -2.002860,2.372633,2.228526,0x8FD4AE7E;
	  f far_plane = 1.100000;
	  x guid = 0x95339FEF;
	  f horizontal_meters = 4.000000;
	  f lod = 1.000000;
	  f near_plane = 0.100000;
		texture = Art\Bitmaps\Decals\b_d_grs01-a.%img%;
	  f vertical_meters = 4.000000;
	}
	[t:decal,n:*]
	{
		decal_orientation = 0.928477,0.279740,0.244288,0.000000,0.657766,-0.753222,-0.371391,0.699349,0.610721;
		decal_origin = -3.126822,2.587044,2.799007,0x8FD4AE7E;
	  f far_plane = 1.100000;
	  x guid = 0xE0824F6B;
	  f horizontal_meters = 4.000000;
	  f lod = 1.000000;
	  f near_plane = 0.100000;
		texture = Art\Bitmaps\Decals\b_d_grs01-a.%img%;
	  f vertical_meters = 4.000000;
	}
	[t:decal,n:*]
	{
		decal_orientation = 0.000000,-1.000000,0.000000,0.000000,0.000000,-1.000000,1.000000,0.000000,0.000000;
		decal_origin = -1.634575,2.950000,3.624586,0x8FD4AE7E;
	  f far_plane = 1.100000;
	  x guid = 0x7F107299;
	  f horizontal_meters = 4.000000;
	  f lod = 1.000000;
	  f near_plane = 0.100000;
		texture = Art\Bitmaps\Decals\b_d_grs01-a.%img%;
	  f vertical_meters = 4.000000;
	}
	[t:decal,n:*]
	{
		decal_orientation = 0.000000,-1.000000,0.000000,0.000000,0.000000,-1.000000,1.000000,0.000000,0.000000;
		decal_origin = -2.411942,-1.050000,-3.044250,0x8FD4AE7E;
	  f far_plane = 1.100000;
	  x guid = 0x68700193;
	  f horizontal_meters = 4.000000;
	  f lod = 1.000000;
	  f near_plane = 0.100000;
		texture = Art\Bitmaps\Decals\b_d_grs01-a.%img%;
	  f vertical_meters = 4.000000;
	}
	[t:decal,n:*]
	{
		decal_orientation = 0.000000,-1.000000,0.000000,0.000000,0.000000,-1.000000,1.000000,0.000000,0.000000;
		decal_origin = -0.106068,-1.049999,-3.594712,0x8FD4AE7E;
	  f far_plane = 1.100000;
	  x guid = 0x0983F3E4;
	  f horizontal_meters = 4.000000;
	  f lod = 1.000000;
	  f near_plane = 0.100000;
		texture = Art\Bitmaps\Decals\b_d_grs01-a.%img%;
	  f vertical_meters = 4.000000;
	}
	[t:decal,n:*]
	{
		decal_orientation = 0.000000,-1.000000,0.000000,0.000000,0.000000,-1.000000,1.000000,0.000000,0.000000;
		decal_origin = 2.529784,-1.050000,-3.901949,0x8FD4AE7E;
	  f far_plane = 1.100000;
	  x guid = 0x57F9B56A;
	  f horizontal_meters = 4.000000;
	  f lod = 1.000000;
	  f near_plane = 0.100000;
		texture = Art\Bitmaps\Decals\b_d_grs01-a.%img%;
	  f vertical_meters = 4.000000;
	}
	[t:decal,n:*]
	{
		decal_orientation = 0.999289,0.022179,0.030497,0.000000,0.808747,-0.588157,-0.037709,0.587739,0.808172;
		decal_origin = 0.306552,2.318439,2.057751,0x8FD4AE7E;
	  f far_plane = 1.100000;
	  x guid = 0xCCDB8CEC;
	  f horizontal_meters = 4.000000;
	  f lod = 1.000000;
	  f near_plane = 0.100000;
		texture = Art\Bitmaps\Decals\b_d_grs01-a.%img%;
	  f vertical_meters = 4.000000;
	}
	[t:decal,n:*]
	{
		decal_orientation = 0.000000,-1.000000,0.000000,0.000000,0.000000,-1.000000,1.000000,0.000000,0.000000;
		decal_origin = -1.065481,1.000000,-1.309003,0x61E594A7;
	  f far_plane = 1.100000;
	  x guid = 0x023F128D;
	  f horizontal_meters = 4.000000;
	  f lod = 1.000000;
	  f near_plane = 0.100000;
		texture = Art\Bitmaps\Decals\b_d_grs01-a.%img%;
	  f vertical_meters = 4.000000;
	}
	[t:decal,n:*]
	{
		decal_orientation = 0.000000,-1.000000,0.000000,0.000000,0.000000,-1.000000,1.000000,0.000000,0.000000;
		decal_origin = 1.233434,1.000000,-1.329987,0x61E594A7;
	  f far_plane = 1.100000;
	  x guid = 0x89F52D7A;
	  f horizontal_meters = 4.000000;
	  f lod = 1.000000;
	  f near_plane = 0.100000;
		texture = Art\Bitmaps\Decals\b_d_grs01-a.%img%;
	  f vertical_meters = 4.000000;
	}
	[t:decal,n:*]
	{
		decal_orientation = 0.000000,-1.000000,0.000000,0.000000,0.000000,-1.000000,1.000000,0.000000,0.000000;
		decal_origin = 1.356181,2.950001,3.728201,0xD9E2DEF7;
	  f far_plane = 1.100000;
	  x guid = 0x361DC41A;
	  f horizontal_meters = 4.000000;
	  f lod = 1.000000;
	  f near_plane = 0.100000;
		texture = Art\Bitmaps\Decals\b_d_grs01-a.%img%;
	  f vertical_meters = 4.000000;
	}
	[t:decal,n:*]
	{
		decal_orientation = 0.911922,-0.333171,-0.239574,0.000000,0.583809,-0.811891,0.410365,0.740381,0.532388;
		decal_origin = 3.244988,2.741953,2.989644,0xD9E2DEF7;
	  f far_plane = 1.100000;
	  x guid = 0xFF66811B;
	  f horizontal_meters = 4.000000;
	  f lod = 1.000000;
	  f near_plane = 0.100000;
		texture = Art\Bitmaps\Decals\b_d_grs01-a.%img%;
	  f vertical_meters = 4.000000;
	}
	[t:decal,n:*]
	{
		decal_orientation = 0.000000,-1.000000,0.000000,0.000000,0.000000,-1.000000,1.000000,0.000000,0.000000;
		decal_origin = 3.171011,2.949999,3.878937,0xD9E2DEF7;
	  f far_plane = 1.100000;
	  x guid = 0x75709491;
	  f horizontal_meters = 4.000000;
	  f lod = 1.000000;
	  f near_plane = 0.100000;
		texture = Art\Bitmaps\Decals\b_d_grs01-a.%img%;
	  f vertical_meters = 4.000000;
	}
	[t:decal,n:*]
	{
		decal_orientation = 0.000000,-1.000000,0.000000,0.000000,0.000000,-1.000000,1.000000,0.000000,0.000000;
		decal_origin = 2.568816,-1.049999,-3.887374,0xD9E2DEF7;
	  f far_plane = 1.100000;
	  x guid = 0x7CCB6645;
	  f horizontal_meters = 4.000000;
	  f lod = 1.000000;
	  f near_plane = 0.100000;
		texture = Art\Bitmaps\Decals\b_d_grs01-a.%img%;
	  f vertical_meters = 4.000000;
	}
	[t:decal,n:*]
	{
		decal_orientation = 0.000000,-1.000000,0.000000,0.000000,0.000000,-1.000000,1.000000,0.000000,0.000000;
		decal_origin = -0.016300,-1.049997,-3.830257,0xD9E2DEF7;
	  f far_plane = 1.100000;
	  x guid = 0x050E64EE;
	  f horizontal_meters = 4.000000;
	  f lod = 1.000000;
	  f near_plane = 0.100000;
		texture = Art\Bitmaps\Decals\b_d_grs01-a.%img%;
	  f vertical_meters = 4.000000;
	}
	[t:decal,n:*]
	{
		decal_orientation = 0.000000,-1.000000,0.000000,0.000000,0.000000,-1.000000,1.000000,0.000000,0.000000;
		decal_origin = -2.709348,1.000000,1.819804,0xBCFA2128;
	  f far_plane = 1.100000;
	  x guid = 0x73D71EBB;
	  f horizontal_meters = 4.000000;
	  f lod = 1.000000;
	  f near_plane = 0.100000;
		texture = Art\Bitmaps\Decals\b_d_grs01-a.%img%;
	  f vertical_meters = 4.000000;
	}
	[t:decal,n:*]
	{
		decal_orientation = 0.000000,-1.000000,0.000000,0.000000,0.000000,-1.000000,1.000000,0.000000,0.000000;
		decal_origin = 0.867768,1.000000,-0.872078,0xBCFA2128;
	  f far_plane = 1.100000;
	  x guid = 0x9FADEB51;
	  f horizontal_meters = 4.000000;
	  f lod = 1.000000;
	  f near_plane = 0.100000;
		texture = Art\Bitmaps\Decals\b_d_grs01-a.%img%;
	  f vertical_meters = 4.000000;
	}
	[t:decal,n:*]
	{
		decal_orientation = 0.000000,-1.000000,0.000000,0.000000,0.000000,-1.000000,1.000000,0.000000,0.000000;
		decal_origin = 3.307232,0.999999,-1.094860,0xBCFA2128;
	  f far_plane = 1.100000;
	  x guid = 0x6F954A73;
	  f horizontal_meters = 4.000000;
	  f lod = 1.000000;
	  f near_plane = 0.100000;
		texture = Art\Bitmaps\Decals\b_d_grs01-a.%img%;
	  f vertical_meters = 4.000000;
	}
	[t:decal,n:*]
	{
		decal_orientation = -0.911922,-0.406212,-0.058228,0.000000,0.141894,-0.989882,0.410365,-0.902695,-0.129397;
		decal_origin = 1.028628,2.981302,3.375855,0x8145238B;
	  f far_plane = 1.100000;
	  x guid = 0xFA4D4C79;
	  f horizontal_meters = 4.000000;
	  f lod = 1.000000;
	  f near_plane = 0.100000;
		texture = Art\Bitmaps\Decals\b_d_grs01-a.%img%;
	  f vertical_meters = 4.000000;
	}
	[t:decal,n:*]
	{
		decal_orientation = 0.000000,-1.000000,0.000000,0.000000,0.000000,-1.000000,1.000000,0.000000,0.000000;
		decal_origin = 2.715793,2.950001,3.618459,0x8145238B;
	  f far_plane = 1.100000;
	  x guid = 0x45BE6380;
	  f horizontal_meters = 4.000000;
	  f lod = 1.000000;
	  f near_plane = 0.100000;
		texture = Art\Bitmaps\Decals\b_d_grs01-a.%img%;
	  f vertical_meters = 4.000000;
	}
	[t:decal,n:*]
	{
		decal_orientation = 0.911922,-0.333171,-0.239574,0.000000,0.583809,-0.811891,0.410365,0.740381,0.532388;
		decal_origin = 2.597142,2.549326,2.404354,0x8145238B;
	  f far_plane = 1.100000;
	  x guid = 0x5DBF77DC;
	  f horizontal_meters = 4.000000;
	  f lod = 1.000000;
	  f near_plane = 0.100000;
		texture = Art\Bitmaps\Decals\b_d_grs01-a.%img%;
	  f vertical_meters = 4.000000;
	}
	[t:decal,n:*]
	{
		decal_orientation = 0.999289,0.022179,0.030497,0.000000,0.808747,-0.588157,-0.037709,0.587739,0.808172;
		decal_origin = 0.967595,2.276631,2.002380,0x8145238B;
	  f far_plane = 1.100000;
	  x guid = 0x7112F5B4;
	  f horizontal_meters = 4.000000;
	  f lod = 1.000000;
	  f near_plane = 0.100000;
		texture = Art\Bitmaps\Decals\b_d_grs01-a.%img%;
	  f vertical_meters = 4.000000;
	}
	[t:decal,n:*]
	{
		decal_orientation = 0.000000,-1.000000,0.000000,0.000000,0.000000,-1.000000,1.000000,0.000000,0.000000;
		decal_origin = -2.140810,2.950000,3.449857,0x8145238B;
	  f far_plane = 1.100000;
	  x guid = 0x9D8A4F36;
	  f horizontal_meters = 4.000000;
	  f lod = 1.000000;
	  f near_plane = 0.100000;
		texture = Art\Bitmaps\Decals\b_d_grs01-a.%img%;
	  f vertical_meters = 4.000000;
	}
	[t:decal,n:*]
	{
		decal_orientation = 0.996546,0.056010,0.061314,0.000000,0.738317,-0.674453,-0.083045,0.672123,0.735767;
		decal_origin = -2.099799,2.270790,2.143248,0x8145238B;
	  f far_plane = 1.100000;
	  x guid = 0x4EFCF6A5;
	  f horizontal_meters = 4.000000;
	  f lod = 1.000000;
	  f near_plane = 0.100000;
		texture = Art\Bitmaps\Decals\b_d_grs01-a.%img%;
	  f vertical_meters = 4.000000;
	}
	[t:decal,n:*]
	{
		decal_orientation = 0.928477,0.279740,0.244288,0.000000,0.657766,-0.753222,-0.371391,0.699349,0.610721;
		decal_origin = -3.400014,2.529488,2.837297,0x8145238B;
	  f far_plane = 1.100000;
	  x guid = 0x12B63BD3;
	  f horizontal_meters = 4.000000;
	  f lod = 1.000000;
	  f near_plane = 0.100000;
		texture = Art\Bitmaps\Decals\b_d_grs01-a.%img%;
	  f vertical_meters = 4.000000;
	}
	[t:decal,n:*]
	{
		decal_orientation = 0.000000,-1.000000,0.000000,0.000000,0.000000,-1.000000,1.000000,0.000000,0.000000;
		decal_origin = 2.564480,-1.050000,-3.790186,0x8145238B;
	  f far_plane = 1.100000;
	  x guid = 0xDC89C467;
	  f horizontal_meters = 4.000000;
	  f lod = 1.000000;
	  f near_plane = 0.100000;
		texture = Art\Bitmaps\Decals\b_d_grs01-a.%img%;
	  f vertical_meters = 4.000000;
	}
	[t:decal,n:*]
	{
		decal_orientation = 0.000000,-1.000000,0.000000,0.000000,0.000000,-1.000000,1.000000,0.000000,0.000000;
		decal_origin = -0.118276,-1.050000,-3.996492,0x8145238B;
	  f far_plane = 1.100000;
	  x guid = 0x6F4F9F51;
	  f horizontal_meters = 4.000000;
	  f lod = 1.000000;
	  f near_plane = 0.100000;
		texture = Art\Bitmaps\Decals\b_d_grs01-a.%img%;
	  f vertical_meters = 4.000000;
	}
	[t:decal,n:*]
	{
		decal_orientation = 0.000000,-1.000000,0.000000,0.000000,0.000000,-1.000000,1.000000,0.000000,0.000000;
		decal_origin = -2.438138,-1.050000,-3.952182,0x8145238B;
	  f far_plane = 1.100000;
	  x guid = 0xD97C80AD;
	  f horizontal_meters = 4.000000;
	  f lod = 1.000000;
	  f near_plane = 0.100000;
		texture = Art\Bitmaps\Decals\b_d_grs01-a.%img%;
	  f vertical_meters = 4.000000;
	}
	[t:decal,n:*]
	{
		decal_orientation = 0.000000,-1.000000,0.000000,0.000000,0.000000,-1.000000,1.000000,0.000000,0.000000;
		decal_origin = -2.994721,1.000000,3.976456,0x8B5547C7;
	  f far_plane = 1.100000;
	  x guid = 0x7C3BE80E;
	  f horizontal_meters = 4.000000;
	  f lod = 1.000000;
	  f near_plane = 0.100000;
		texture = Art\Bitmaps\Decals\b_d_grs01-a.%img%;
	  f vertical_meters = 4.000000;
	}
	[t:decal,n:*]
	{
		decal_orientation = 0.000000,-1.000000,0.000000,0.000000,0.000000,-1.000000,1.000000,0.000000,0.000000;
		decal_origin = -0.234269,0.999998,3.869498,0x8B5547C7;
	  f far_plane = 1.100000;
	  x guid = 0x8DC02822;
	  f horizontal_meters = 4.000000;
	  f lod = 1.000000;
	  f near_plane = 0.100000;
		texture = Art\Bitmaps\Decals\b_d_grs01-a.%img%;
	  f vertical_meters = 4.000000;
	}
	[t:decal,n:*]
	{
		decal_orientation = 0.000000,-1.000000,0.000000,0.000000,0.000000,-1.000000,1.000000,0.000000,0.000000;
		decal_origin = 6.963961,4.999998,1.983382,0x07BF05FA;
	  f far_plane = 1.100000;
	  x guid = 0x3E35E82D;
	  f horizontal_meters = 4.000000;
	  f lod = 1.000000;
	  f near_plane = 0.100000;
		texture = Art\Bitmaps\Decals\b_d_grs01-a.%img%;
	  f vertical_meters = 4.000000;
	}
	[t:decal,n:*]
	{
		decal_orientation = 0.000000,0.924017,0.382352,0.000000,0.382352,-0.924017,-1.000000,0.000000,0.000000;
		decal_origin = 6.106793,4.754009,1.237939,0x07BF05FA;
	  f far_plane = 1.100000;
	  x guid = 0xDBE5F144;
	  f horizontal_meters = 4.000000;
	  f lod = 1.000000;
	  f near_plane = 0.100000;
		texture = Art\Bitmaps\Decals\b_d_grs01-a.%img%;
	  f vertical_meters = 4.000000;
	}
	[t:decal,n:*]
	{
		decal_orientation = 0.000000,-1.000000,0.000000,0.000000,0.000000,-1.000000,1.000000,0.000000,0.000000;
		decal_origin = -7.588817,-3.000000,-3.022105,0x07BF05FA;
	  f far_plane = 1.100000;
	  x guid = 0x631E7135;
	  f horizontal_meters = 4.000000;
	  f lod = 1.000000;
	  f near_plane = 0.100000;
		texture = Art\Bitmaps\Decals\b_d_grs01-a.%img%;
	  f vertical_meters = 4.000000;
	}
	[t:decal,n:*]
	{
		decal_orientation = 0.000000,-1.000000,0.000000,0.000000,0.000000,-1.000000,1.000000,0.000000,0.000000;
		decal_origin = 1.450622,1.000000,1.544586,0x20C40EB9;
	  f far_plane = 1.100000;
	  x guid = 0x07EF9B07;
	  f horizontal_meters = 4.000000;
	  f lod = 1.000000;
	  f near_plane = 0.100000;
		texture = Art\Bitmaps\Decals\b_d_grs01-a.%img%;
	  f vertical_meters = 4.000000;
	}
	[t:decal,n:*]
	{
		decal_orientation = 1.000000,0.000001,0.000000,0.000000,0.022217,-0.999753,-0.000001,0.999753,0.022217;
		decal_origin = 0.852795,3.349546,3.968508,0x82570EC8;
	  f far_plane = 1.100000;
	  x guid = 0x3B070D98;
	  f horizontal_meters = 4.000000;
	  f lod = 1.000000;
	  f near_plane = 0.100000;
		texture = Art\Bitmaps\Decals\b_d_grs01-a.%img%;
	  f vertical_meters = 4.000000;
	}
	[t:decal,n:*]
	{
		decal_orientation = -1.000000,0.000000,0.000000,0.000000,0.245422,-0.969416,-0.000000,-0.969416,-0.245422;
		decal_origin = -0.786361,3.363585,-3.704559,0x82570EC8;
	  f far_plane = 1.100000;
	  x guid = 0x2AD914A0;
	  f horizontal_meters = 4.000000;
	  f lod = 1.000000;
	  f near_plane = 0.100000;
		texture = Art\Bitmaps\Decals\b_d_grs01-a.%img%;
	  f vertical_meters = 4.000000;
	}
	[t:decal,n:*]
	{
		decal_orientation = -1.000000,0.000000,0.000000,0.000000,0.242536,-0.970142,0.000000,-0.970142,-0.242536;
		decal_origin = -3.181604,2.271576,8.036812,0xB8A22A1D;
	  f far_plane = 1.100000;
	  x guid = 0x1FB07B80;
	  f horizontal_meters = 4.000000;
	  f lod = 1.000000;
	  f near_plane = 0.100000;
		texture = Art\Bitmaps\Decals\b_d_grs01-a.%img%;
	  f vertical_meters = 4.000000;
	}
	[t:decal,n:*]
	{
		decal_orientation = 1.000000,0.000000,0.000000,0.000000,0.242536,-0.970142,0.000000,0.970142,0.242536;
		decal_origin = 2.856357,2.274420,-8.025435,0xD910EEAC;
	  f far_plane = 1.100000;
	  x guid = 0xF763FDF8;
	  f horizontal_meters = 4.000000;
	  f lod = 1.000000;
	  f near_plane = 0.100000;
		texture = Art\Bitmaps\Decals\b_d_grs01-a.%img%;
	  f vertical_meters = 4.000000;
	}
	[t:decal,n:*]
	{
		decal_orientation = 1.000000,0.000000,0.000000,0.000000,0.242535,-0.970143,0.000000,0.970143,0.242535;
		decal_origin = -1.620250,2.913363,3.530348,0xF9740F8E;
	  f far_plane = 1.100000;
	  x guid = 0xB2F6AA6C;
	  f horizontal_meters = 4.000000;
	  f lod = 1.000000;
	  f near_plane = 0.100000;
		texture = Art\Bitmaps\Decals\b_d_grs01-a.%img%;
	  f vertical_meters = 4.000000;
	}
	[t:decal,n:*]
	{
		decal_orientation = 0.000000,-1.000000,0.000000,0.000000,0.000000,-1.000000,1.000000,0.000000,0.000000;
		decal_origin = 0.412939,3.000000,3.617004,0xF9740F8E;
	  f far_plane = 1.100000;
	  x guid = 0x0C0D7A69;
	  f horizontal_meters = 4.000000;
	  f lod = 1.000000;
	  f near_plane = 0.100000;
		texture = Art\Bitmaps\Decals\b_d_grs01-a.%img%;
	  f vertical_meters = 4.000000;
	}
	[t:decal,n:*]
	{
		decal_orientation = 0.995037,-0.088910,-0.044677,0.000000,0.448995,-0.893534,0.099504,0.889100,0.446767;
		decal_origin = -0.384250,2.579014,2.881301,0xF9740F8E;
	  f far_plane = 1.100000;
	  x guid = 0x2EFA9E46;
	  f horizontal_meters = 4.000000;
	  f lod = 1.000000;
	  f near_plane = 0.100000;
		texture = Art\Bitmaps\Decals\b_d_grs01-a.%img%;
	  f vertical_meters = 4.000000;
	}
	[t:decal,n:*]
	{
		decal_orientation = 0.000000,-1.000000,0.000000,0.000000,0.000000,-1.000000,1.000000,0.000000,0.000000;
		decal_origin = 2.074901,1.000002,3.954803,0x368AAD55;
	  f far_plane = 1.100000;
	  x guid = 0x26E97345;
	  f horizontal_meters = 4.000000;
	  f lod = 1.000000;
	  f near_plane = 0.100000;
		texture = Art\Bitmaps\Decals\b_d_grs01-a.%img%;
	  f vertical_meters = 4.000000;
	}
	[t:decal,n:*]
	{
		decal_orientation = 0.994284,0.093830,0.050946,0.000000,0.477161,-0.878816,-0.106769,0.873793,0.474433;
		decal_origin = 0.603359,2.723564,3.167725,0x6D526205;
	  f far_plane = 1.100000;
	  x guid = 0x6B996F04;
	  f horizontal_meters = 4.000000;
	  f lod = 1.000000;
	  f near_plane = 0.100000;
		texture = Art\Bitmaps\Decals\b_d_grs01-a.%img%;
	  f vertical_meters = 4.000000;
	}
	[t:decal,n:*]
	{
		decal_orientation = 0.978678,-0.167687,-0.118620,0.000000,0.577505,-0.816387,0.205401,0.798980,0.565191;
		decal_origin = 2.116612,1.543264,1.339876,0x6D526205;
	  f far_plane = 1.100000;
	  x guid = 0x4C3CBA68;
	  f horizontal_meters = 4.000000;
	  f lod = 1.000000;
	  f near_plane = 0.100000;
		texture = Art\Bitmaps\Decals\b_d_grs01-a.%img%;
	  f vertical_meters = 4.000000;
	}
	[t:decal,n:*]
	{
		decal_orientation = 0.000000,-1.000000,0.000000,0.000000,0.000000,-1.000000,1.000000,0.000000,0.000000;
		decal_origin = 3.425745,1.000000,-1.366252,0x5EC5406B;
	  f far_plane = 1.100000;
	  x guid = 0xEFE90698;
	  f horizontal_meters = 4.000000;
	  f lod = 1.000000;
	  f near_plane = 0.100000;
		texture = Art\Bitmaps\Decals\b_d_grs01-a.%img%;
	  f vertical_meters = 4.000000;
	}
	[t:decal,n:*]
	{
		decal_orientation = 0.000000,-1.000000,0.000000,0.000000,0.000000,-1.000000,1.000000,0.000000,0.000000;
		decal_origin = 3.230072,1.000000,-3.712005,0x5EC5406B;
	  f far_plane = 1.100000;
	  x guid = 0x588200FB;
	  f horizontal_meters = 4.000000;
	  f lod = 1.000000;
	  f near_plane = 0.100000;
		texture = Art\Bitmaps\Decals\b_d_grs01-a.%img%;
	  f vertical_meters = 4.000000;
	}
	[t:decal,n:*]
	{
		decal_orientation = 0.000000,-1.000000,0.000000,0.000000,0.000000,-1.000000,1.000000,0.000000,0.000000;
		decal_origin = 3.583450,1.000000,-0.281456,0x1B2107D9;
	  f far_plane = 1.100000;
	  x guid = 0x2BD1657B;
	  f horizontal_meters = 4.000000;
	  f lod = 1.000000;
	  f near_plane = 0.100000;
		texture = Art\Bitmaps\Decals\b_d_grs01-a.%img%;
	  f vertical_meters = 4.000000;
	}
	[t:decal,n:*]
	{
		decal_orientation = 0.000000,-1.000000,0.000000,0.000000,0.000000,-1.000000,1.000000,0.000000,0.000000;
		decal_origin = 1.039996,2.950003,3.979796,0xDCD99A45;
	  f far_plane = 1.100000;
	  x guid = 0x81B206D4;
	  f horizontal_meters = 4.000000;
	  f lod = 1.000000;
	  f near_plane = 0.100000;
		texture = Art\Bitmaps\Decals\b_d_grs01-a.%img%;
	  f vertical_meters = 4.000000;
	}
	[t:decal,n:*]
	{
		decal_orientation = 0.911922,-0.333171,-0.239574,0.000000,0.583809,-0.811891,0.410365,0.740381,0.532388;
		decal_origin = 2.958006,2.708572,2.809594,0xDCD99A45;
	  f far_plane = 1.100000;
	  x guid = 0x5AFAD908;
	  f horizontal_meters = 4.000000;
	  f lod = 1.000000;
	  f near_plane = 0.100000;
		texture = Art\Bitmaps\Decals\b_d_grs01-a.%img%;
	  f vertical_meters = 4.000000;
	}
	[t:decal,n:*]
	{
		decal_orientation = 0.000000,-1.000000,0.000000,0.000000,0.000000,-1.000000,1.000000,0.000000,0.000000;
		decal_origin = 2.940399,2.949999,3.796245,0xDCD99A45;
	  f far_plane = 1.100000;
	  x guid = 0x41F6E2C6;
	  f horizontal_meters = 4.000000;
	  f lod = 1.000000;
	  f near_plane = 0.100000;
		texture = Art\Bitmaps\Decals\b_d_grs01-a.%img%;
	  f vertical_meters = 4.000000;
	}
	[t:decal,n:*]
	{
		decal_orientation = 0.000000,-1.000000,0.000000,0.000000,0.000000,-1.000000,1.000000,0.000000,0.000000;
		decal_origin = 3.272812,1.000000,2.551056,0xDBDAC163;
	  f far_plane = 1.100000;
	  x guid = 0xAEEB1362;
	  f horizontal_meters = 4.000000;
	  f lod = 1.000000;
	  f near_plane = 0.100000;
		texture = Art\Bitmaps\Decals\b_d_grs01-a.%img%;
	  f vertical_meters = 4.000000;
	}
	[t:decal,n:*]
	{
		decal_orientation = 0.000000,-1.000000,0.000000,0.000000,0.000000,-1.000000,1.000000,0.000000,0.000000;
		decal_origin = 3.158737,1.000002,0.281097,0xDBDAC163;
	  f far_plane = 1.100000;
	  x guid = 0xA18F8BAD;
	  f horizontal_meters = 4.000000;
	  f lod = 1.000000;
	  f near_plane = 0.100000;
		texture = Art\Bitmaps\Decals\b_d_grs01-a.%img%;
	  f vertical_meters = 4.000000;
	}
	[t:decal,n:*]
	{
		decal_orientation = 0.000000,-1.000000,0.000000,0.000000,0.000000,-1.000000,1.000000,0.000000,0.000000;
		decal_origin = 3.083816,1.000000,-2.459541,0xDBDAC163;
	  f far_plane = 1.100000;
	  x guid = 0xEACEAE60;
	  f horizontal_meters = 4.000000;
	  f lod = 1.000000;
	  f near_plane = 0.100000;
		texture = Art\Bitmaps\Decals\b_d_grs01-a.%img%;
	  f vertical_meters = 4.000000;
	}
	[t:decal,n:*]
	{
		decal_orientation = 0.000000,-1.000000,0.000000,0.000000,0.000000,-1.000000,1.000000,0.000000,0.000000;
		decal_origin = -2.636424,-1.049999,-3.930885,0x65D46A24;
	  f far_plane = 1.100000;
	  x guid = 0x68DB7172;
	  f horizontal_meters = 4.000000;
	  f lod = 1.000000;
	  f near_plane = 0.100000;
		texture = Art\Bitmaps\Decals\b_d_grs01-a.%img%;
	  f vertical_meters = 4.000000;
	}
	[t:decal,n:*]
	{
		decal_orientation = 0.000000,-1.000000,0.000000,0.000000,0.000000,-1.000000,1.000000,0.000000,0.000000;
		decal_origin = -1.129467,-1.049999,-3.967028,0x65D46A24;
	  f far_plane = 1.100000;
	  x guid = 0x17A9B06F;
	  f horizontal_meters = 4.000000;
	  f lod = 1.000000;
	  f near_plane = 0.100000;
		texture = Art\Bitmaps\Decals\b_d_grs01-a.%img%;
	  f vertical_meters = 4.000000;
	}
	[t:decal,n:*]
	{
		decal_orientation = 0.000000,-1.000000,0.000000,0.000000,0.000000,-1.000000,1.000000,0.000000,0.000000;
		decal_origin = 1.354773,0.999998,-0.488534,0x1D54362C;
	  f far_plane = 1.100000;
	  x guid = 0x3FA78DCE;
	  f horizontal_meters = 4.000000;
	  f lod = 1.000000;
	  f near_plane = 0.100000;
		texture = art\bitmaps\decals\b_d_grs01-a.raw;
	  f vertical_meters = 4.000000;
	}
	[t:decal,n:*]
	{
		decal_orientation = 0.000000,-1.000000,0.000000,0.000000,0.000000,-1.000000,1.000000,0.000000,0.000000;
		decal_origin = 1.689665,1.000000,1.829174,0x1D54362C;
	  f far_plane = 1.100000;
	  x guid = 0xBA185736;
	  f horizontal_meters = 4.000000;
	  f lod = 1.000000;
	  f near_plane = 0.100000;
		texture = art\bitmaps\decals\b_d_grs01-a.raw;
	  f vertical_meters = 4.000000;
	}
	[t:decal,n:*]
	{
		decal_orientation = 0.994284,0.093830,0.050946,0.000000,0.477161,-0.878816,-0.106769,0.873793,0.474433;
		decal_origin = 1.072461,2.692379,3.059583,0xE08F7F24;
	  f far_plane = 1.100000;
	  x guid = 0xCBDD6091;
	  f horizontal_meters = 4.000000;
	  f lod = 1.000000;
	  f near_plane = 0.100000;
		texture = art\bitmaps\decals\b_d_grs01-a.raw;
	  f vertical_meters = 4.000000;
	}
	[t:decal,n:*]
	{
		decal_orientation = 0.347314,0.534984,0.770172,0.000000,0.821299,-0.570498,-0.937749,0.198142,0.285249;
		decal_origin = -0.688704,2.417979,3.189745,0x9720C152;
	  f far_plane = 1.100000;
	  x guid = 0xE98B3D8E;
	  f horizontal_meters = 4.000000;
	  f lod = 1.000000;
	  f near_plane = 0.100000;
		texture = art\bitmaps\decals\b_d_grs01-a.raw;
	  f vertical_meters = 4.000000;
	}
	[t:decal,n:*]
	{
		decal_orientation = 0.000000,-1.000000,0.000000,0.000000,0.000000,-1.000000,1.000000,0.000000,0.000000;
		decal_origin = 1.018537,2.999998,3.854500,0x9720C152;
	  f far_plane = 1.100000;
	  x guid = 0x994210F1;
	  f horizontal_meters = 4.000000;
	  f lod = 1.000000;
	  f near_plane = 0.100000;
		texture = art\bitmaps\decals\b_d_grs01-a.raw;
	  f vertical_meters = 4.000000;
	}
	[t:decal,n:*]
	{
		decal_orientation = 0.995037,-0.088910,-0.044677,0.000000,0.448995,-0.893534,0.099504,0.889100,0.446767;
		decal_origin = -1.352991,2.419928,2.466256,0x9720C152;
	  f far_plane = 1.100000;
	  x guid = 0x201CF91F;
	  f horizontal_meters = 4.000000;
	  f lod = 1.000000;
	  f near_plane = 0.100000;
		texture = art\bitmaps\decals\b_d_grs01-a.raw;
	  f vertical_meters = 4.000000;
	}
	[t:decal,n:*]
	{
		decal_orientation = 0.978678,-0.167687,-0.118620,0.000000,0.577505,-0.816387,0.205401,0.798980,0.565191;
		decal_origin = 1.701774,1.755400,1.559225,0xE08F7F24;
	  f far_plane = 1.100000;
	  x guid = 0x155DA5E3;
	  f horizontal_meters = 4.000000;
	  f lod = 1.000000;
	  f near_plane = 0.100000;
		texture = art\bitmaps\decals\b_d_grs01-a.raw;
	  f vertical_meters = 4.000000;
	}
	[t:decal,n:*]
	{
		decal_orientation = 0.707107,-0.684830,-0.176090,0.000000,0.249029,-0.968496,0.707107,0.684830,0.176090;
		decal_origin = -0.693487,2.804060,2.049935,0xE08F7F24;
	  f far_plane = 1.100000;
	  x guid = 0x126606FE;
	  f horizontal_meters = 4.000000;
	  f lod = 1.000000;
	  f near_plane = 0.100000;
		texture = art\bitmaps\decals\b_d_grs01-a.raw;
	  f vertical_meters = 4.000000;
	}
	[t:decal,n:*]
	{
		decal_orientation = 0.494988,-0.626283,-0.602293,0.000000,0.693167,-0.720777,0.868900,0.356776,0.343109;
		decal_origin = 0.228953,2.259843,2.033237,0xE08F7F24;
	  f far_plane = 1.100000;
	  x guid = 0x831A9A11;
	  f horizontal_meters = 4.000000;
	  f lod = 1.000000;
	  f near_plane = 0.100000;
		texture = art\bitmaps\decals\b_d_grs01-a.raw;
	  f vertical_meters = 4.000000;
	}
	[t:decal,n:*]
	{
		decal_orientation = 0.000000,-1.000000,0.000000,0.000000,0.000000,-1.000000,1.000000,0.000000,0.000000;
		decal_origin = -3.721612,3.000002,3.303982,0x78BD7801;
	  f far_plane = 1.100000;
	  x guid = 0x1C8E38D2;
	  f horizontal_meters = 4.000000;
	  f lod = 1.000000;
	  f near_plane = 0.100000;
		texture = art\bitmaps\decals\b_d_grs01-a.raw;
	  f vertical_meters = 4.000000;
	}
	[t:decal,n:*]
	{
		decal_orientation = 0.876216,0.476842,0.069770,0.000000,0.144775,-0.989465,-0.481919,0.866984,0.126854;
		decal_origin = 3.281971,2.825431,3.340226,0x75CDA032;
	  f far_plane = 1.100000;
	  x guid = 0x0750719D;
	  f horizontal_meters = 4.000000;
	  f lod = 1.000000;
	  f near_plane = 0.100000;
		texture = art\bitmaps\decals\b_d_grs01-a.raw;
	  f vertical_meters = 4.000000;
	}
	[t:decal,n:*]
	{
		decal_orientation = 1.000000,0.000000,0.000000,0.000000,0.110431,-0.993884,0.000000,0.993884,0.110431;
		decal_origin = 5.449683,2.902916,3.520856,0x75CDA032;
	  f far_plane = 1.100000;
	  x guid = 0xA9EF6056;
	  f horizontal_meters = 4.000000;
	  f lod = 1.000000;
	  f near_plane = 0.100000;
		texture = art\bitmaps\decals\b_d_grs01-a.raw;
	  f vertical_meters = 4.000000;
	}
	[t:decal,n:*]
	{
		decal_orientation = 0.984183,0.155848,0.084230,0.000000,0.475464,-0.879735,-0.177153,0.865821,0.467944;
		decal_origin = 3.912389,2.371322,1.930851,0x75CDA032;
	  f far_plane = 1.100000;
	  x guid = 0x8C7743AB;
	  f horizontal_meters = 4.000000;
	  f lod = 1.000000;
	  f near_plane = 0.100000;
		texture = art\bitmaps\decals\b_d_grs01-a.raw;
	  f vertical_meters = 4.000000;
	}
}
