[decals]
{
	[t:decal,n:*]
	{
		decal_orientation = 0.000000,-1.000000,0.000000,0.000000,0.000000,-1.000000,1.000000,0.000000,0.000000;
		decal_origin = 3.722373,0.999998,1.481203,0x7EB5EE95;
	  f far_plane = 1.100000;
	  x guid = 0x5B3F4F23;
	  f horizontal_meters = 4.000000;
	  f lod = 1.000000;
	  f near_plane = 0.100000;
		texture = Art\Bitmaps\Decals\b_d_grs01-a.%img%;
	  f vertical_meters = 4.000000;
	}
	[t:decal,n:*]
	{
		decal_orientation = 0.000000,-1.000000,0.000000,0.000000,0.000000,-1.000000,1.000000,0.000000,0.000000;
		decal_origin = 3.808193,1.000000,-1.185742,0x7EB5EE95;
	  f far_plane = 1.100000;
	  x guid = 0xBF64FF80;
	  f horizontal_meters = 4.000000;
	  f lod = 1.000000;
	  f near_plane = 0.100000;
		texture = Art\Bitmaps\Decals\b_d_grs01-a.%img%;
	  f vertical_meters = 4.000000;
	}
	[t:decal,n:*]
	{
		decal_orientation = 0.000000,-1.000000,0.000000,0.000000,0.000000,-1.000000,1.000000,0.000000,0.000000;
		decal_origin = 3.851290,1.000000,-3.928965,0x7EB5EE95;
	  f far_plane = 1.100000;
	  x guid = 0x39C6D21F;
	  f horizontal_meters = 4.000000;
	  f lod = 1.000000;
	  f near_plane = 0.100000;
		texture = Art\Bitmaps\Decals\b_d_grs01-a.%img%;
	  f vertical_meters = 4.000000;
	}
	[t:decal,n:*]
	{
		decal_orientation = 0.000000,-1.000000,0.000000,0.000000,0.000000,-1.000000,1.000000,0.000000,0.000000;
		decal_origin = 1.151432,1.000000,0.387902,0x7EB5EE95;
	  f far_plane = 1.100000;
	  x guid = 0xB77AD5AE;
	  f horizontal_meters = 4.000000;
	  f lod = 1.000000;
	  f near_plane = 0.100000;
		texture = Art\Bitmaps\Decals\b_d_dirt-a.%img%;
	  f vertical_meters = 4.000000;
	}
	[t:decal,n:*]
	{
		decal_orientation = -0.707107,-0.707107,0.000000,0.000000,-0.000000,-1.000000,0.707107,-0.707107,0.000000;
		decal_origin = -0.733659,1.000000,-0.371316,0x7EB5EE95;
	  f far_plane = 1.100000;
	  x guid = 0xF36E03D9;
	  f horizontal_meters = 4.000000;
	  f lod = 1.000000;
	  f near_plane = 0.100000;
		texture = Art\Bitmaps\Decals\b_d_dirt-a.%img%;
	  f vertical_meters = 4.000000;
	}
	[t:decal,n:*]
	{
		decal_orientation = 1.000000,0.000000,0.000000,0.000000,0.000000,-1.000000,-0.000000,1.000000,0.000000;
		decal_origin = -3.135678,1.000002,-1.284230,0x7EB5EE95;
	  f far_plane = 1.100000;
	  x guid = 0x999828DD;
	  f horizontal_meters = 4.000000;
	  f lod = 1.000000;
	  f near_plane = 0.100000;
		texture = Art\Bitmaps\Decals\b_d_dirt-a.%img%;
	  f vertical_meters = 4.000000;
	}
	[t:decal,n:*]
	{
		decal_orientation = 0.913536,0.365710,0.178066,0.000000,0.437770,-0.899087,-0.406757,0.821349,0.399919;
		decal_origin = 1.739172,1.005868,3.929832,0x7EB5EE95;
	  f far_plane = 1.100000;
	  x guid = 0x2D685D9B;
	  f horizontal_meters = 4.000000;
	  f lod = 1.000000;
	  f near_plane = 0.100000;
		texture = Art\Bitmaps\Decals\b_d_grs01-a.%img%;
	  f vertical_meters = 4.000000;
	}
	[t:decal,n:*]
	{
		decal_orientation = 0.000000,-1.000000,0.000000,0.000000,0.000000,-1.000000,1.000000,0.000000,0.000000;
		decal_origin = 0.079973,1.000000,-3.134706,0x7EB5EE95;
	  f far_plane = 1.100000;
	  x guid = 0x0EE247C3;
	  f horizontal_meters = 4.000000;
	  f lod = 1.000000;
	  f near_plane = 0.100000;
		texture = Art\Bitmaps\Decals\b_d_grs01-a.%img%;
	  f vertical_meters = 4.000000;
	}
	[t:decal,n:*]
	{
		decal_orientation = 1.000000,0.000000,0.000000,0.000000,0.000000,-1.000000,-0.000000,1.000000,0.000000;
		decal_origin = 0.106542,1.000001,3.360656,0x7EB5EE95;
	  f far_plane = 1.100000;
	  x guid = 0x3DEC7717;
	  f horizontal_meters = 4.000000;
	  f lod = 1.000000;
	  f near_plane = 0.100000;
		texture = Art\Bitmaps\Decals\b_d_grs01-a.%img%;
	  f vertical_meters = 4.000000;
	}
	[t:decal,n:*]
	{
		decal_orientation = 0.000000,-1.000000,0.000000,0.000000,0.000000,-1.000000,1.000000,0.000000,0.000000;
		decal_origin = -11.844804,7.000000,-0.000313,0xAE0223FC;
	  f far_plane = 1.100000;
	  x guid = 0x6E7BE80F;
	  f horizontal_meters = 4.000000;
	  f lod = 1.000000;
	  f near_plane = 0.100000;
		texture = Art\Bitmaps\Decals\b_d_grs01-a.%img%;
	  f vertical_meters = 4.000000;
	}
	[t:decal,n:*]
	{
		decal_orientation = 0.863779,-0.309253,-0.397804,0.000000,0.789496,-0.613755,0.503871,0.530149,0.681950;
		decal_origin = -11.501267,-5.253465,-4.203573,0xAE0223FC;
	  f far_plane = 1.100000;
	  x guid = 0xEFD5F487;
	  f horizontal_meters = 4.000000;
	  f lod = 1.000000;
	  f near_plane = 0.100000;
		texture = Art\Bitmaps\Decals\b_d_grs01-a.%img%;
	  f vertical_meters = 4.000000;
	}
	[t:decal,n:*]
	{
		decal_orientation = 0.000000,-1.000000,0.000000,0.000000,0.000000,-1.000000,1.000000,0.000000,0.000000;
		decal_origin = -10.881113,-5.000000,-3.780032,0xAE0223FC;
	  f far_plane = 1.100000;
	  x guid = 0x472CB781;
	  f horizontal_meters = 4.000000;
	  f lod = 1.000000;
	  f near_plane = 0.100000;
		texture = Art\Bitmaps\Decals\b_d_grs01-a.%img%;
	  f vertical_meters = 4.000000;
	}
	[t:decal,n:*]
	{
		decal_orientation = 1.000000,0.000000,0.000000,0.000000,0.894427,-0.447214,0.000000,0.447214,0.894427;
		decal_origin = -9.760704,-5.530352,-3.883211,0xAE0223FC;
	  f far_plane = 1.100000;
	  x guid = 0x6096F9C7;
	  f horizontal_meters = 4.000000;
	  f lod = 1.000000;
	  f near_plane = 0.100000;
		texture = Art\Bitmaps\Decals\b_d_grs01-a.%img%;
	  f vertical_meters = 4.000000;
	}
	[t:decal,n:*]
	{
		decal_orientation = 0.243970,-0.590937,-0.768942,0.000000,0.792901,-0.609350,0.969783,0.148663,0.193444;
		decal_origin = -8.239500,-4.590242,-2.295713,0xAE0223FC;
	  f far_plane = 1.100000;
	  x guid = 0x38F6C6C0;
	  f horizontal_meters = 4.000000;
	  f lod = 1.000000;
	  f near_plane = 0.100000;
		texture = Art\Bitmaps\Decals\b_d_grs01-a.%img%;
	  f vertical_meters = 4.000000;
	}
	[t:decal,n:*]
	{
		decal_orientation = 0.000000,-1.000000,0.000000,0.000000,0.000000,-1.000000,1.000000,0.000000,0.000000;
		decal_origin = -8.264827,-4.999998,-3.441502,0xAE0223FC;
	  f far_plane = 1.100000;
	  x guid = 0xA2B6FA42;
	  f horizontal_meters = 4.000000;
	  f lod = 1.000000;
	  f near_plane = 0.100000;
		texture = Art\Bitmaps\Decals\b_d_grs01-a.%img%;
	  f vertical_meters = 4.000000;
	}
	[t:decal,n:*]
	{
		decal_orientation = 0.000000,-1.000000,0.000000,0.000000,0.000000,-1.000000,1.000000,0.000000,0.000000;
		decal_origin = -5.993186,-5.000000,-3.241950,0xAE0223FC;
	  f far_plane = 1.100000;
	  x guid = 0x12D52339;
	  f horizontal_meters = 4.000000;
	  f lod = 1.000000;
	  f near_plane = 0.100000;
		texture = Art\Bitmaps\Decals\b_d_grs01-a.%img%;
	  f vertical_meters = 4.000000;
	}
	[t:decal,n:*]
	{
		decal_orientation = 0.000000,-1.000000,0.000000,0.000000,0.000000,-1.000000,1.000000,0.000000,0.000000;
		decal_origin = -3.957836,-5.000000,-3.312528,0xAE0223FC;
	  f far_plane = 1.100000;
	  x guid = 0xDE921997;
	  f horizontal_meters = 4.000000;
	  f lod = 1.000000;
	  f near_plane = 0.100000;
		texture = Art\Bitmaps\Decals\b_d_grs01-a.%img%;
	  f vertical_meters = 4.000000;
	}
	[t:decal,n:*]
	{
		decal_orientation = 0.000000,-1.000000,0.000000,0.000000,0.000000,-1.000000,1.000000,0.000000,0.000000;
		decal_origin = -2.457050,-5.000000,-2.717977,0xAE0223FC;
	  f far_plane = 1.100000;
	  x guid = 0xC6AB47DC;
	  f horizontal_meters = 4.000000;
	  f lod = 1.000000;
	  f near_plane = 0.100000;
		texture = Art\Bitmaps\Decals\b_d_grs01-a.%img%;
	  f vertical_meters = 4.000000;
	}
	[t:decal,n:*]
	{
		decal_orientation = 0.000000,-1.000000,0.000000,0.000000,0.000000,-1.000000,1.000000,0.000000,0.000000;
		decal_origin = -1.874608,-5.000000,-0.143053,0xAE0223FC;
	  f far_plane = 1.100000;
	  x guid = 0xDEA00223;
	  f horizontal_meters = 4.000000;
	  f lod = 1.000000;
	  f near_plane = 0.100000;
		texture = Art\Bitmaps\Decals\b_d_grs01-a.%img%;
	  f vertical_meters = 4.000000;
	}
	[t:decal,n:*]
	{
		decal_orientation = 0.000000,-0.986394,-0.164399,0.000000,0.164399,-0.986394,1.000000,0.000000,0.000000;
		decal_origin = -2.053365,-4.977313,2.169128,0xAE0223FC;
	  f far_plane = 1.100000;
	  x guid = 0x36D79631;
	  f horizontal_meters = 4.000000;
	  f lod = 1.000000;
	  f near_plane = 0.100000;
		texture = Art\Bitmaps\Decals\b_d_grs01-a.%img%;
	  f vertical_meters = 4.000000;
	}
	[t:decal,n:*]
	{
		decal_orientation = 0.000000,-0.986394,-0.164399,0.000000,0.164399,-0.986394,1.000000,0.000000,0.000000;
		decal_origin = -2.046885,-4.978393,3.749704,0xAE0223FC;
	  f far_plane = 1.100000;
	  x guid = 0x08CE9E11;
	  f horizontal_meters = 4.000000;
	  f lod = 1.000000;
	  f near_plane = 0.100000;
		texture = Art\Bitmaps\Decals\b_d_grs01-a.%img%;
	  f vertical_meters = 4.000000;
	}
	[t:decal,n:*]
	{
		decal_orientation = 0.000000,-1.000000,0.000000,0.000000,0.000000,-1.000000,1.000000,0.000000,0.000000;
		decal_origin = -4.364370,-4.999998,-1.244037,0xAE0223FC;
	  f far_plane = 1.100000;
	  x guid = 0x9FCDF22F;
	  f horizontal_meters = 4.000000;
	  f lod = 1.000000;
	  f near_plane = 0.100000;
		texture = Art\Bitmaps\Decals\b_d_grs01-a.%img%;
	  f vertical_meters = 4.000000;
	}
	[t:decal,n:*]
	{
		decal_orientation = 0.076697,-0.984459,-0.157979,0.000000,0.158446,-0.987368,0.997054,0.075728,0.012152;
		decal_origin = -5.828295,-0.881662,-0.904819,0xAE0223FC;
	  f far_plane = 1.100000;
	  x guid = 0xEEA5A608;
	  f horizontal_meters = 4.000000;
	  f lod = 1.000000;
	  f near_plane = 0.100000;
		texture = Art\Bitmaps\Decals\b_d_grs01-a.%img%;
	  f vertical_meters = 4.000000;
	}
	[t:decal,n:*]
	{
		decal_orientation = 0.999949,-0.009669,-0.002921,0.000000,0.289170,-0.957278,0.010100,0.957229,0.289155;
		decal_origin = -7.065068,-0.960764,-0.859080,0xAE0223FC;
	  f far_plane = 1.100000;
	  x guid = 0x29E642D6;
	  f horizontal_meters = 4.000000;
	  f lod = 1.000000;
	  f near_plane = 0.100000;
		texture = Art\Bitmaps\Decals\b_d_grs01-a.%img%;
	  f vertical_meters = 4.000000;
	}
	[t:decal,n:*]
	{
		decal_orientation = 0.999994,0.003252,0.000957,0.000000,0.282427,-0.959289,-0.003390,0.959283,0.282425;
		decal_origin = -9.111655,-1.033553,-0.887078,0xAE0223FC;
	  f far_plane = 1.100000;
	  x guid = 0xE9DE3DED;
	  f horizontal_meters = 4.000000;
	  f lod = 1.000000;
	  f near_plane = 0.100000;
		texture = Art\Bitmaps\Decals\b_d_grs01-a.%img%;
	  f vertical_meters = 4.000000;
	}
	[t:decal,n:*]
	{
		decal_orientation = 0.000000,-1.000000,0.000000,0.000000,0.000000,-1.000000,1.000000,0.000000,0.000000;
		decal_origin = -11.964345,-5.000002,3.710398,0xAE0223FC;
	  f far_plane = 1.100000;
	  x guid = 0x5CFE0F25;
	  f horizontal_meters = 4.000000;
	  f lod = 1.000000;
	  f near_plane = 0.100000;
		texture = Art\Bitmaps\Decals\b_d_grs01-a.%img%;
	  f vertical_meters = 4.000000;
	}
	[t:decal,n:*]
	{
		decal_orientation = 0.000000,-1.000000,0.000000,0.000000,0.000000,-1.000000,1.000000,0.000000,0.000000;
		decal_origin = -10.902236,-5.000002,3.353666,0xAE0223FC;
	  f far_plane = 1.100000;
	  x guid = 0xB1094A35;
	  f horizontal_meters = 4.000000;
	  f lod = 1.000000;
	  f near_plane = 0.100000;
		texture = Art\Bitmaps\Decals\b_d_grs01-a.%img%;
	  f vertical_meters = 4.000000;
	}
	[t:decal,n:*]
	{
		decal_orientation = 0.000000,-1.000000,0.000000,0.000000,0.000000,-1.000000,1.000000,0.000000,0.000000;
		decal_origin = -9.271758,-5.000000,3.415586,0xAE0223FC;
	  f far_plane = 1.100000;
	  x guid = 0xDBC32405;
	  f horizontal_meters = 4.000000;
	  f lod = 1.000000;
	  f near_plane = 0.100000;
		texture = Art\Bitmaps\Decals\b_d_grs01-a.%img%;
	  f vertical_meters = 4.000000;
	}
	[t:decal,n:*]
	{
		decal_orientation = -0.090028,-0.576016,-0.812465,0.000000,0.815778,-0.578365,0.995939,-0.052069,-0.073443;
		decal_origin = -7.984975,-5.058407,2.397194,0xAE0223FC;
	  f far_plane = 1.100000;
	  x guid = 0xF442DC23;
	  f horizontal_meters = 4.000000;
	  f lod = 1.000000;
	  f near_plane = 0.100000;
		texture = Art\Bitmaps\Decals\b_d_grs01-a.%img%;
	  f vertical_meters = 4.000000;
	}
	[t:decal,n:*]
	{
		decal_orientation = -1.000000,0.000000,0.000000,0.000000,0.894427,-0.447214,0.000000,-0.447214,-0.894427;
		decal_origin = -9.776678,-4.982129,3.609099,0xAE0223FC;
	  f far_plane = 1.100000;
	  x guid = 0x86880F2A;
	  f horizontal_meters = 4.000000;
	  f lod = 1.000000;
	  f near_plane = 0.100000;
		texture = Art\Bitmaps\Decals\b_d_grs01-a.%img%;
	  f vertical_meters = 4.000000;
	}
	[t:decal,n:*]
	{
		decal_orientation = 0.000000,-1.000000,0.000000,0.000000,0.000000,-1.000000,1.000000,0.000000,0.000000;
		decal_origin = -7.518117,-5.000000,3.732327,0xAE0223FC;
	  f far_plane = 1.100000;
	  x guid = 0xA8DE9B6D;
	  f horizontal_meters = 4.000000;
	  f lod = 1.000000;
	  f near_plane = 0.100000;
		texture = Art\Bitmaps\Decals\b_d_grs01-a.%img%;
	  f vertical_meters = 4.000000;
	}
	[t:decal,n:*]
	{
		decal_orientation = -0.707107,0.700140,0.099015,0.000000,0.140028,-0.990148,-0.707107,-0.700140,-0.099015;
		decal_origin = -6.217065,-4.961833,3.500779,0xAE0223FC;
	  f far_plane = 1.100000;
	  x guid = 0x5CF96E94;
	  f horizontal_meters = 4.000000;
	  f lod = 1.000000;
	  f near_plane = 0.100000;
		texture = Art\Bitmaps\Decals\b_d_grs01-a.%img%;
	  f vertical_meters = 4.000000;
	}
	[t:decal,n:*]
	{
		decal_orientation = -0.995197,0.092609,0.031712,0.000000,0.323960,-0.946071,-0.097888,-0.941527,-0.322404;
		decal_origin = -4.467265,-4.917443,3.879052,0xAE0223FC;
	  f far_plane = 1.100000;
	  x guid = 0x3C1E385A;
	  f horizontal_meters = 4.000000;
	  f lod = 1.000000;
	  f near_plane = 0.100000;
		texture = Art\Bitmaps\Decals\b_d_grs01-a.%img%;
	  f vertical_meters = 4.000000;
	}
	[t:decal,n:*]
	{
		decal_orientation = -1.000000,0.000000,0.000000,0.000000,0.171341,-0.985212,0.000000,-0.985212,-0.171341;
		decal_origin = -3.318937,-4.910672,3.572670,0xAE0223FC;
	  f far_plane = 1.100000;
	  x guid = 0xE25A9E3D;
	  f horizontal_meters = 4.000000;
	  f lod = 1.000000;
	  f near_plane = 0.100000;
		texture = Art\Bitmaps\Decals\b_d_grs01-a.%img%;
	  f vertical_meters = 4.000000;
	}
	[t:decal,n:*]
	{
		decal_orientation = -0.707107,0.700140,0.099015,0.000000,0.140028,-0.990148,-0.707107,-0.700140,-0.099015;
		decal_origin = -7.780285,-4.992373,2.242941,0xAE0223FC;
	  f far_plane = 1.100000;
	  x guid = 0x09CD5854;
	  f horizontal_meters = 4.000000;
	  f lod = 1.000000;
	  f near_plane = 0.100000;
		texture = Art\Bitmaps\Decals\b_d_grs01-a.%img%;
	  f vertical_meters = 4.000000;
	}
	[t:decal,n:*]
	{
		decal_orientation = -0.320497,0.896157,0.306893,0.000000,0.323984,-0.946063,-0.947249,-0.303211,-0.103836;
		decal_origin = -6.108870,-4.790613,2.112127,0xAE0223FC;
	  f far_plane = 1.100000;
	  x guid = 0x999461E6;
	  f horizontal_meters = 4.000000;
	  f lod = 1.000000;
	  f near_plane = 0.100000;
		texture = Art\Bitmaps\Decals\b_d_grs01-a.%img%;
	  f vertical_meters = 4.000000;
	}
	[t:decal,n:*]
	{
		decal_orientation = -0.971185,-0.199312,-0.130671,0.000000,0.548283,-0.836293,0.238327,-0.812195,-0.532484;
		decal_origin = -8.127058,-4.780234,1.993461,0xAE0223FC;
	  f far_plane = 1.100000;
	  x guid = 0x1D1B8520;
	  f horizontal_meters = 4.000000;
	  f lod = 1.000000;
	  f near_plane = 0.100000;
		texture = Art\Bitmaps\Decals\b_d_grs01-a.%img%;
	  f vertical_meters = 4.000000;
	}
	[t:decal,n:*]
	{
		decal_orientation = -0.926413,0.294765,0.234250,0.000000,0.622162,-0.782889,-0.376510,-0.725278,-0.576378;
		decal_origin = -6.513086,-4.759080,2.112576,0xAE0223FC;
	  f far_plane = 1.100000;
	  x guid = 0x19E0AD8E;
	  f horizontal_meters = 4.000000;
	  f lod = 1.000000;
	  f near_plane = 0.100000;
		texture = Art\Bitmaps\Decals\b_d_grs01-a.%img%;
	  f vertical_meters = 4.000000;
	}
	[t:decal,n:*]
	{
		decal_orientation = -1.000000,0.000000,0.000000,0.000000,0.171341,-0.985212,0.000000,-0.985212,-0.171341;
		decal_origin = 3.783415,-4.985619,4.003623,0xAE0223FC;
	  f far_plane = 1.100000;
	  x guid = 0x7C43BC55;
	  f horizontal_meters = 4.000000;
	  f lod = 1.000000;
	  f near_plane = 0.100000;
		texture = Art\Bitmaps\Decals\b_d_grs01-a.%img%;
	  f vertical_meters = 4.000000;
	}
	[t:decal,n:*]
	{
		decal_orientation = -1.000000,0.000000,0.000000,0.000000,0.291162,-0.956674,0.000000,-0.956674,-0.291162;
		decal_origin = 5.540283,-4.919894,3.885602,0xAE0223FC;
	  f far_plane = 1.100000;
	  x guid = 0xF1B37E63;
	  f horizontal_meters = 4.000000;
	  f lod = 1.000000;
	  f near_plane = 0.100000;
		texture = Art\Bitmaps\Decals\b_d_grs01-a.%img%;
	  f vertical_meters = 4.000000;
	}
	[t:decal,n:*]
	{
		decal_orientation = 0.000000,-1.000000,0.000000,0.000000,0.000000,-1.000000,1.000000,0.000000,0.000000;
		decal_origin = 7.200120,-5.000002,3.553843,0xAE0223FC;
	  f far_plane = 1.100000;
	  x guid = 0x9848E01B;
	  f horizontal_meters = 4.000000;
	  f lod = 1.000000;
	  f near_plane = 0.100000;
		texture = Art\Bitmaps\Decals\b_d_grs01-a.%img%;
	  f vertical_meters = 4.000000;
	}
	[t:decal,n:*]
	{
		decal_orientation = -0.707107,-0.700140,-0.099015,0.000000,0.140028,-0.990148,0.707107,-0.700140,-0.099015;
		decal_origin = 6.216909,-4.888719,2.769783,0xAE0223FC;
	  f far_plane = 1.100000;
	  x guid = 0x9EA148B5;
	  f horizontal_meters = 4.000000;
	  f lod = 1.000000;
	  f near_plane = 0.100000;
		texture = Art\Bitmaps\Decals\b_d_grs01-a.%img%;
	  f vertical_meters = 4.000000;
	}
	[t:decal,n:*]
	{
		decal_orientation = 0.000000,-1.000000,0.000000,0.000000,0.000000,-1.000000,1.000000,0.000000,0.000000;
		decal_origin = 8.806366,-5.000002,3.560287,0xAE0223FC;
	  f far_plane = 1.100000;
	  x guid = 0xE94BFC28;
	  f horizontal_meters = 4.000000;
	  f lod = 1.000000;
	  f near_plane = 0.100000;
		texture = Art\Bitmaps\Decals\b_d_grs01-a.%img%;
	  f vertical_meters = 4.000000;
	}
	[t:decal,n:*]
	{
		decal_orientation = -0.090028,0.576016,0.812465,0.000000,0.815778,-0.578365,-0.995939,-0.052069,-0.073443;
		decal_origin = 8.036308,-5.015448,2.626753,0xAE0223FC;
	  f far_plane = 1.100000;
	  x guid = 0xF50A49A5;
	  f horizontal_meters = 4.000000;
	  f lod = 1.000000;
	  f near_plane = 0.100000;
		texture = Art\Bitmaps\Decals\b_d_grs01-a.%img%;
	  f vertical_meters = 4.000000;
	}
	[t:decal,n:*]
	{
		decal_orientation = -1.000000,0.000000,0.000000,0.000000,0.894427,-0.447214,0.000000,-0.447214,-0.894427;
		decal_origin = 9.763368,-5.388457,3.812262,0xAE0223FC;
	  f far_plane = 1.100000;
	  x guid = 0x0487B6EC;
	  f horizontal_meters = 4.000000;
	  f lod = 1.000000;
	  f near_plane = 0.100000;
		texture = Art\Bitmaps\Decals\b_d_grs01-a.%img%;
	  f vertical_meters = 4.000000;
	}
	[t:decal,n:*]
	{
		decal_orientation = 0.000000,-1.000000,0.000000,0.000000,0.000000,-1.000000,1.000000,0.000000,0.000000;
		decal_origin = 11.252989,-5.000000,3.636499,0xAE0223FC;
	  f far_plane = 1.100000;
	  x guid = 0xCB7DF237;
	  f horizontal_meters = 4.000000;
	  f lod = 1.000000;
	  f near_plane = 0.100000;
		texture = Art\Bitmaps\Decals\b_d_grs01-a.%img%;
	  f vertical_meters = 4.000000;
	}
	[t:decal,n:*]
	{
		decal_orientation = -0.863779,0.309253,0.397804,0.000000,0.789496,-0.613755,-0.503871,-0.530149,-0.681950;
		decal_origin = 11.498400,-4.643598,3.653019,0xAE0223FC;
	  f far_plane = 1.100000;
	  x guid = 0x84315C5D;
	  f horizontal_meters = 4.000000;
	  f lod = 1.000000;
	  f near_plane = 0.100000;
		texture = Art\Bitmaps\Decals\b_d_grs01-a.%img%;
	  f vertical_meters = 4.000000;
	}
	[t:decal,n:*]
	{
		decal_orientation = -0.501481,0.236842,0.832119,0.000000,0.961800,-0.273752,-0.865169,-0.137282,-0.482325;
		decal_origin = 8.584957,-4.065990,2.001005,0xAE0223FC;
	  f far_plane = 1.100000;
	  x guid = 0x2EB103F3;
	  f horizontal_meters = 4.000000;
	  f lod = 1.000000;
	  f near_plane = 0.100000;
		texture = Art\Bitmaps\Decals\b_d_grs01-a.%img%;
	  f vertical_meters = 4.000000;
	}
	[t:decal,n:*]
	{
		decal_orientation = -0.971185,0.199312,0.130671,0.000000,0.548283,-0.836293,-0.238327,-0.812195,-0.532484;
		decal_origin = 7.812167,-4.998990,2.259758,0xAE0223FC;
	  f far_plane = 1.100000;
	  x guid = 0xCB621ED4;
	  f horizontal_meters = 4.000000;
	  f lod = 1.000000;
	  f near_plane = 0.100000;
		texture = Art\Bitmaps\Decals\b_d_grs01-a.%img%;
	  f vertical_meters = 4.000000;
	}
	[t:decal,n:*]
	{
		decal_orientation = -0.971850,-0.216873,-0.092052,0.000000,0.390710,-0.920514,0.235600,-0.894601,-0.379712;
		decal_origin = 6.294288,-4.875288,2.320506,0xAE0223FC;
	  f far_plane = 1.100000;
	  x guid = 0xA666450C;
	  f horizontal_meters = 4.000000;
	  f lod = 1.000000;
	  f near_plane = 0.100000;
		texture = Art\Bitmaps\Decals\b_d_grs01-a.%img%;
	  f vertical_meters = 4.000000;
	}
	[t:decal,n:*]
	{
		decal_orientation = -0.050296,0.906520,0.419156,0.000000,0.419687,-0.907669,-0.998734,-0.045652,-0.021108;
		decal_origin = 2.818011,-4.864480,2.411489,0xAE0223FC;
	  f far_plane = 1.100000;
	  x guid = 0x6FAE5208;
	  f horizontal_meters = 4.000000;
	  f lod = 1.000000;
	  f near_plane = 0.100000;
		texture = Art\Bitmaps\Decals\b_d_grs01-a.%img%;
	  f vertical_meters = 4.000000;
	}
	[t:decal,n:*]
	{
		decal_orientation = -0.861539,0.480360,0.164334,0.000000,0.323688,-0.946164,-0.507692,-0.815157,-0.278870;
		decal_origin = 3.576788,-4.771237,2.521698,0xAE0223FC;
	  f far_plane = 1.100000;
	  x guid = 0x7F742EB7;
	  f horizontal_meters = 4.000000;
	  f lod = 1.000000;
	  f near_plane = 0.100000;
		texture = Art\Bitmaps\Decals\b_d_grs01-a.%img%;
	  f vertical_meters = 4.000000;
	}
	[t:decal,n:*]
	{
		decal_orientation = 0.000000,-1.000000,0.000000,0.000000,0.000000,-1.000000,1.000000,0.000000,0.000000;
		decal_origin = 1.967816,-5.000000,1.659357,0xAE0223FC;
	  f far_plane = 1.100000;
	  x guid = 0x5F06337C;
	  f horizontal_meters = 4.000000;
	  f lod = 1.000000;
	  f near_plane = 0.100000;
		texture = Art\Bitmaps\Decals\b_d_grs01-a.%img%;
	  f vertical_meters = 4.000000;
	}
	[t:decal,n:*]
	{
		decal_orientation = 0.000000,-1.000000,0.000000,0.000000,0.000000,-1.000000,1.000000,0.000000,0.000000;
		decal_origin = 2.727319,-5.000000,-0.681805,0xAE0223FC;
	  f far_plane = 1.100000;
	  x guid = 0xB54F37E9;
	  f horizontal_meters = 4.000000;
	  f lod = 1.000000;
	  f near_plane = 0.100000;
		texture = Art\Bitmaps\Decals\b_d_grs01-a.%img%;
	  f vertical_meters = 4.000000;
	}
	[t:decal,n:*]
	{
		decal_orientation = 0.000000,-1.000000,0.000000,0.000000,0.000000,-1.000000,1.000000,0.000000,0.000000;
		decal_origin = 2.135114,-5.000000,-2.616520,0xAE0223FC;
	  f far_plane = 1.100000;
	  x guid = 0xF59AD184;
	  f horizontal_meters = 4.000000;
	  f lod = 1.000000;
	  f near_plane = 0.100000;
		texture = Art\Bitmaps\Decals\b_d_grs01-a.%img%;
	  f vertical_meters = 4.000000;
	}
	[t:decal,n:*]
	{
		decal_orientation = 0.110431,0.892161,0.438011,0.000000,0.440706,-0.897651,-0.993884,0.099129,0.048668;
		decal_origin = 3.312351,-4.589333,0.549175,0xAE0223FC;
	  f far_plane = 1.100000;
	  x guid = 0x6C5E5AA2;
	  f horizontal_meters = 4.000000;
	  f lod = 1.000000;
	  f near_plane = 0.100000;
		texture = Art\Bitmaps\Decals\b_d_grs01-a.%img%;
	  f vertical_meters = 4.000000;
	}
	[t:decal,n:*]
	{
		decal_orientation = 0.000000,-1.000000,0.000000,0.000000,0.000000,-1.000000,1.000000,0.000000,0.000000;
		decal_origin = 3.916903,-5.000000,-2.169228,0xAE0223FC;
	  f far_plane = 1.100000;
	  x guid = 0xCA8D2829;
	  f horizontal_meters = 4.000000;
	  f lod = 1.000000;
	  f near_plane = 0.100000;
		texture = Art\Bitmaps\Decals\b_d_grs01-a.%img%;
	  f vertical_meters = 4.000000;
	}
	[t:decal,n:*]
	{
		decal_orientation = 0.000000,-1.000000,0.000000,0.000000,0.000000,-1.000000,1.000000,0.000000,0.000000;
		decal_origin = 5.855783,-5.000000,-3.057254,0xAE0223FC;
	  f far_plane = 1.100000;
	  x guid = 0x88A01DEA;
	  f horizontal_meters = 4.000000;
	  f lod = 1.000000;
	  f near_plane = 0.100000;
		texture = Art\Bitmaps\Decals\b_d_grs01-a.%img%;
	  f vertical_meters = 4.000000;
	}
	[t:decal,n:*]
	{
		decal_orientation = 0.999949,0.009669,0.002921,0.000000,0.289170,-0.957278,-0.010100,0.957229,0.289155;
		decal_origin = 7.642065,-0.955900,-0.848760,0xAE0223FC;
	  f far_plane = 1.100000;
	  x guid = 0xAAC5799A;
	  f horizontal_meters = 4.000000;
	  f lod = 1.000000;
	  f near_plane = 0.100000;
		texture = Art\Bitmaps\Decals\b_d_grs01-a.%img%;
	  f vertical_meters = 4.000000;
	}
	[t:decal,n:*]
	{
		decal_orientation = 0.999994,-0.003252,-0.000957,0.000000,0.282427,-0.959289,0.003390,0.959283,0.282425;
		decal_origin = 9.092092,-0.999642,-0.957603,0xAE0223FC;
	  f far_plane = 1.100000;
	  x guid = 0xBBE1378F;
	  f horizontal_meters = 4.000000;
	  f lod = 1.000000;
	  f near_plane = 0.100000;
		texture = Art\Bitmaps\Decals\b_d_grs01-a.%img%;
	  f vertical_meters = 4.000000;
	}
	[t:decal,n:*]
	{
		decal_orientation = 0.076697,0.984459,0.157979,0.000000,0.158445,-0.987368,-0.997054,0.075728,0.012152;
		decal_origin = 6.009494,-0.855139,-0.842529,0xAE0223FC;
	  f far_plane = 1.100000;
	  x guid = 0xDDAD8D7F;
	  f horizontal_meters = 4.000000;
	  f lod = 1.000000;
	  f near_plane = 0.100000;
		texture = Art\Bitmaps\Decals\b_d_grs01-a.%img%;
	  f vertical_meters = 4.000000;
	}
	[t:decal,n:*]
	{
		decal_orientation = 0.999949,0.009669,0.002921,0.000000,0.289170,-0.957278,-0.010100,0.957229,0.289155;
		decal_origin = 6.071864,-1.016994,-1.013827,0xAE0223FC;
	  f far_plane = 1.100000;
	  x guid = 0x15D2E18A;
	  f horizontal_meters = 4.000000;
	  f lod = 1.000000;
	  f near_plane = 0.100000;
		texture = Art\Bitmaps\Decals\b_d_grs01-a.%img%;
	  f vertical_meters = 4.000000;
	}
	[t:decal,n:*]
	{
		decal_orientation = 1.000000,0.000000,0.000000,0.000000,0.894427,-0.447214,0.000000,0.447214,0.894427;
		decal_origin = 9.056443,-5.276515,-3.756292,0xAE0223FC;
	  f far_plane = 1.100000;
	  x guid = 0xD1B3A3F4;
	  f horizontal_meters = 4.000000;
	  f lod = 1.000000;
	  f near_plane = 0.100000;
		texture = Art\Bitmaps\Decals\b_d_snow-a.%img%;
	  f vertical_meters = 4.000000;
	}
	[t:decal,n:*]
	{
		decal_orientation = 0.243970,0.590937,0.768942,0.000000,0.792901,-0.609350,-0.969783,0.148663,0.193444;
		decal_origin = 7.938038,-5.127771,-2.790625,0xAE0223FC;
	  f far_plane = 1.100000;
	  x guid = 0x13BDA3F2;
	  f horizontal_meters = 4.000000;
	  f lod = 1.000000;
	  f near_plane = 0.100000;
		texture = Art\Bitmaps\Decals\b_d_snow-a.%img%;
	  f vertical_meters = 4.000000;
	}
	[t:decal,n:*]
	{
		decal_orientation = 0.951860,0.289483,0.100805,0.000000,0.328856,-0.944380,-0.306533,0.898918,0.313025;
		decal_origin = 3.749796,-4.690916,-0.422242,0xAE0223FC;
	  f far_plane = 1.100000;
	  x guid = 0x068D1F68;
	  f horizontal_meters = 4.000000;
	  f lod = 1.000000;
	  f near_plane = 0.100000;
		texture = Art\Bitmaps\Decals\b_d_grs01-a.%img%;
	  f vertical_meters = 4.000000;
	}
	[t:decal,n:*]
	{
		decal_orientation = 0.000000,-1.000000,0.000000,0.000000,0.000000,-1.000000,1.000000,0.000000,0.000000;
		decal_origin = 0.861571,-5.000000,-3.501024,0xAE0223FC;
	  f far_plane = 1.100000;
	  x guid = 0x02291CB9;
	  f horizontal_meters = 4.000000;
	  f lod = 1.000000;
	  f near_plane = 0.100000;
		texture = Art\Bitmaps\Decals\b_d_dirt-a.%img%;
	  f vertical_meters = 4.000000;
	}
	[t:decal,n:*]
	{
		decal_orientation = 0.707107,-0.707107,0.000000,0.000000,0.000000,-1.000000,0.707107,0.707107,0.000000;
		decal_origin = -0.149514,-5.000000,-1.167017,0xAE0223FC;
	  f far_plane = 1.100000;
	  x guid = 0xE36CD0D7;
	  f horizontal_meters = 4.000000;
	  f lod = 1.000000;
	  f near_plane = 0.100000;
		texture = Art\Bitmaps\Decals\b_d_dirt-a.%img%;
	  f vertical_meters = 4.000000;
	}
	[t:decal,n:*]
	{
		decal_orientation = -0.707107,0.688247,0.162221,0.000000,0.229416,-0.973328,-0.707107,-0.688247,-0.162221;
		decal_origin = -3.137402,1.563283,2.647320,0xBE263012;
	  f far_plane = 1.100000;
	  x guid = 0x9FA4022C;
	  f horizontal_meters = 4.000000;
	  f lod = 1.000000;
	  f near_plane = 0.100000;
		texture = Art\Bitmaps\Decals\b_d_grs01-a.%img%;
	  f vertical_meters = 4.000000;
	}
	[t:decal,n:*]
	{
		decal_orientation = -0.561129,0.792729,0.238151,0.000000,0.287716,-0.957716,-0.827728,-0.537402,-0.161446;
		decal_origin = -1.430116,1.801205,3.315760,0xBE263012;
	  f far_plane = 1.100000;
	  x guid = 0xFAE39E79;
	  f horizontal_meters = 4.000000;
	  f lod = 1.000000;
	  f near_plane = 0.100000;
		texture = Art\Bitmaps\Decals\b_d_grs01-a.%img%;
	  f vertical_meters = 4.000000;
	}
	[t:decal,n:*]
	{
		decal_orientation = -1.000000,0.000000,0.000000,0.000000,0.464007,-0.885831,0.000000,-0.885831,-0.464007;
		decal_origin = -0.755806,1.525932,4.196538,0xBE263012;
	  f far_plane = 1.100000;
	  x guid = 0xF1BB1D98;
	  f horizontal_meters = 4.000000;
	  f lod = 1.000000;
	  f near_plane = 0.100000;
		texture = Art\Bitmaps\Decals\b_d_grs01-a.%img%;
	  f vertical_meters = 4.000000;
	}
	[t:decal,n:*]
	{
		decal_orientation = -1.000000,0.000000,0.000000,0.000000,0.581238,-0.813733,0.000000,-0.813733,-0.581238;
		decal_origin = 1.330075,1.718473,4.014602,0xBE263012;
	  f far_plane = 1.100000;
	  x guid = 0x7D8D5BF7;
	  f horizontal_meters = 4.000000;
	  f lod = 1.000000;
	  f near_plane = 0.100000;
		texture = Art\Bitmaps\Decals\b_d_grs01-a.%img%;
	  f vertical_meters = 4.000000;
	}
	[t:decal,n:*]
	{
		decal_orientation = -1.000000,0.000000,0.000000,0.000000,0.226514,-0.974008,0.000000,-0.974008,-0.226514;
		decal_origin = 2.964384,1.711694,3.204461,0xBE263012;
	  f far_plane = 1.100000;
	  x guid = 0x74C0FE69;
	  f horizontal_meters = 4.000000;
	  f lod = 1.000000;
	  f near_plane = 0.100000;
		texture = Art\Bitmaps\Decals\b_d_grs01-a.%img%;
	  f vertical_meters = 4.000000;
	}
	[t:decal,n:*]
	{
		decal_orientation = 0.863779,0.309253,0.397804,0.000000,0.789496,-0.613755,-0.503871,0.530149,0.681950;
		decal_origin = 3.724605,1.226741,3.672357,0xBE263012;
	  f far_plane = 1.100000;
	  x guid = 0xD6043E08;
	  f horizontal_meters = 4.000000;
	  f lod = 1.000000;
	  f near_plane = 0.100000;
		texture = Art\Bitmaps\Decals\b_d_grs01-a.%img%;
	  f vertical_meters = 4.000000;
	}
	[t:decal,n:*]
	{
		decal_orientation = -0.804884,-0.499786,-0.319961,0.000000,0.539171,-0.842196,0.593432,-0.677871,-0.433970;
		decal_origin = 3.656140,1.845023,2.473001,0xBE263012;
	  f far_plane = 1.100000;
	  x guid = 0xEF4AF227;
	  f horizontal_meters = 4.000000;
	  f lod = 1.000000;
	  f near_plane = 0.100000;
		texture = Art\Bitmaps\Decals\b_d_grs01-a.%img%;
	  f vertical_meters = 4.000000;
	}
	[t:decal,n:*]
	{
		decal_orientation = 0.000000,-0.216930,-0.976187,0.000000,0.976187,-0.216930,1.000000,0.000000,0.000000;
		decal_origin = 4.919017,0.974197,0.420753,0xBE263012;
	  f far_plane = 1.100000;
	  x guid = 0xABF89AEE;
	  f horizontal_meters = 4.000000;
	  f lod = 1.000000;
	  f near_plane = 0.100000;
		texture = Art\Bitmaps\Decals\b_d_grs01-a.%img%;
	  f vertical_meters = 4.000000;
	}
	[t:decal,n:*]
	{
		decal_orientation = 0.411681,-0.331546,-0.848879,0.000000,0.931475,-0.363805,0.911328,0.149772,0.383470;
		decal_origin = 4.512027,1.798000,-0.448422,0xBE263012;
	  f far_plane = 1.100000;
	  x guid = 0x3CEDD0AC;
	  f horizontal_meters = 4.000000;
	  f lod = 1.000000;
	  f near_plane = 0.100000;
		texture = Art\Bitmaps\Decals\b_d_grs01-a.%img%;
	  f vertical_meters = 4.000000;
	}
	[t:decal,n:*]
	{
		decal_orientation = -0.148900,-0.385850,-0.910466,0.000000,0.920730,-0.390200,0.988852,-0.058101,-0.137097;
		decal_origin = 4.648103,1.595766,0.487965,0xBE263012;
	  f far_plane = 1.100000;
	  x guid = 0xD8F18FCC;
	  f horizontal_meters = 4.000000;
	  f lod = 1.000000;
	  f near_plane = 0.100000;
		texture = Art\Bitmaps\Decals\b_d_grs01-a.%img%;
	  f vertical_meters = 4.000000;
	}
	[t:decal,n:*]
	{
		decal_orientation = 0.707107,-0.568986,-0.419827,0.000000,0.593725,-0.804668,0.707107,0.568986,0.419827;
		decal_origin = 4.242565,1.408376,-2.398314,0xBE263012;
	  f far_plane = 1.100000;
	  x guid = 0xA035A2D3;
	  f horizontal_meters = 4.000000;
	  f lod = 1.000000;
	  f near_plane = 0.100000;
		texture = Art\Bitmaps\Decals\b_d_grs01-a.%img%;
	  f vertical_meters = 4.000000;
	}
	[t:decal,n:*]
	{
		decal_orientation = 0.325605,-0.809544,-0.488488,0.000000,0.516642,-0.856202,0.945506,0.278783,0.168221;
		decal_origin = 4.449692,1.465601,-1.724060,0xBE263012;
	  f far_plane = 1.100000;
	  x guid = 0xE410A5E7;
	  f horizontal_meters = 4.000000;
	  f lod = 1.000000;
	  f near_plane = 0.100000;
		texture = Art\Bitmaps\Decals\b_d_grs01-a.%img%;
	  f vertical_meters = 4.000000;
	}
	[t:decal,n:*]
	{
		decal_orientation = 0.000000,-1.000000,0.000000,0.000000,0.000000,-1.000000,1.000000,0.000000,0.000000;
		decal_origin = 3.784668,1.499998,-3.601059,0xBE263012;
	  f far_plane = 1.100000;
	  x guid = 0x5094BD3C;
	  f horizontal_meters = 4.000000;
	  f lod = 1.000000;
	  f near_plane = 0.100000;
		texture = Art\Bitmaps\Decals\b_d_grs01-a.%img%;
	  f vertical_meters = 4.000000;
	}
	[t:decal,n:*]
	{
		decal_orientation = 1.000000,0.000000,0.000000,0.000000,0.672673,-0.739940,0.000000,0.739940,0.672673;
		decal_origin = 0.983907,1.377122,-4.521772,0xBE263012;
	  f far_plane = 1.100000;
	  x guid = 0xD1EE2886;
	  f horizontal_meters = 4.000000;
	  f lod = 1.000000;
	  f near_plane = 0.100000;
		texture = Art\Bitmaps\Decals\b_d_grs01-a.%img%;
	  f vertical_meters = 4.000000;
	}
	[t:decal,n:*]
	{
		decal_orientation = 0.665916,-0.561435,-0.491270,0.000000,0.658516,-0.752567,0.746026,0.501146,0.438517;
		decal_origin = 2.543751,1.568694,-3.837196,0xBE263012;
	  f far_plane = 1.100000;
	  x guid = 0xBD88A474;
	  f horizontal_meters = 4.000000;
	  f lod = 1.000000;
	  f near_plane = 0.100000;
		texture = Art\Bitmaps\Decals\b_d_grs01-a.%img%;
	  f vertical_meters = 4.000000;
	}
	[t:decal,n:*]
	{
		decal_orientation = 1.000000,0.000000,0.000000,0.000000,0.410365,-0.911921,0.000000,0.911921,0.410365;
		decal_origin = -0.254493,1.554887,-4.092664,0xBE263012;
	  f far_plane = 1.100000;
	  x guid = 0x08CEECB0;
	  f horizontal_meters = 4.000000;
	  f lod = 1.000000;
	  f near_plane = 0.100000;
		texture = Art\Bitmaps\Decals\b_d_grs01-a.%img%;
	  f vertical_meters = 4.000000;
	}
	[t:decal,n:*]
	{
		decal_orientation = 0.707107,0.620519,0.339052,0.000000,0.479492,-0.877546,-0.707107,0.620519,0.339052;
		decal_origin = -2.508353,1.499548,-3.853979,0xBE263012;
	  f far_plane = 1.100000;
	  x guid = 0x80EBD149;
	  f horizontal_meters = 4.000000;
	  f lod = 1.000000;
	  f near_plane = 0.100000;
		texture = Art\Bitmaps\Decals\b_d_grs01-a.%img%;
	  f vertical_meters = 4.000000;
	}
	[t:decal,n:*]
	{
		decal_orientation = 0.000000,-1.000000,0.000000,0.000000,0.000000,-1.000000,1.000000,0.000000,0.000000;
		decal_origin = -3.476244,1.500000,-3.648043,0xBE263012;
	  f far_plane = 1.100000;
	  x guid = 0xBE6589E0;
	  f horizontal_meters = 4.000000;
	  f lod = 1.000000;
	  f near_plane = 0.100000;
		texture = Art\Bitmaps\Decals\b_d_grs01-a.%img%;
	  f vertical_meters = 4.000000;
	}
	[t:decal,n:*]
	{
		decal_orientation = -0.406757,0.821349,0.399919,0.000000,0.437770,-0.899087,-0.913536,-0.365710,-0.178066;
		decal_origin = -3.813040,1.640273,-1.721660,0xBE263012;
	  f far_plane = 1.100000;
	  x guid = 0x220B7A39;
	  f horizontal_meters = 4.000000;
	  f lod = 1.000000;
	  f near_plane = 0.100000;
		texture = Art\Bitmaps\Decals\b_d_grs01-a.%img%;
	  f vertical_meters = 4.000000;
	}
	[t:decal,n:*]
	{
		decal_orientation = 0.707107,0.620519,0.339052,0.000000,0.479492,-0.877546,-0.707107,0.620519,0.339052;
		decal_origin = -3.546633,1.552462,-2.678747,0xBE263012;
	  f far_plane = 1.100000;
	  x guid = 0xF06556C1;
	  f horizontal_meters = 4.000000;
	  f lod = 1.000000;
	  f near_plane = 0.100000;
		texture = Art\Bitmaps\Decals\b_d_grs01-a.%img%;
	  f vertical_meters = 4.000000;
	}
	[t:decal,n:*]
	{
		decal_orientation = 0.994025,0.101734,0.039542,0.000000,0.362282,-0.932069,-0.109148,0.926500,0.360117;
		decal_origin = -1.692808,1.800771,-3.443906,0xBE263012;
	  f far_plane = 1.100000;
	  x guid = 0x3D57E8A2;
	  f horizontal_meters = 4.000000;
	  f lod = 1.000000;
	  f near_plane = 0.100000;
		texture = Art\Bitmaps\Decals\b_d_grs01-a.%img%;
	  f vertical_meters = 4.000000;
	}
	[t:decal,n:*]
	{
		decal_orientation = -0.351124,0.907285,0.231399,0.000000,0.247134,-0.968981,-0.936329,-0.340232,-0.086775;
		decal_origin = -3.930749,1.539323,2.420637,0xBE263012;
	  f far_plane = 1.100000;
	  x guid = 0x0D21A605;
	  f horizontal_meters = 4.000000;
	  f lod = 1.000000;
	  f near_plane = 0.100000;
		texture = Art\Bitmaps\Decals\b_d_grs01-a.%img%;
	  f vertical_meters = 4.000000;
	}
	[t:decal,n:*]
	{
		decal_orientation = 0.000000,-1.000000,0.000000,0.000000,0.000000,-1.000000,1.000000,0.000000,0.000000;
		decal_origin = -3.046300,1.500000,3.093569,0xD7B9400C;
	  f far_plane = 1.100000;
	  x guid = 0x6B19A11E;
	  f horizontal_meters = 4.000000;
	  f lod = 1.000000;
	  f near_plane = 0.100000;
		texture = Art\Bitmaps\Decals\b_d_grs01-a.%img%;
	  f vertical_meters = 4.000000;
	}
	[t:decal,n:*]
	{
		decal_orientation = 0.000000,-1.000000,0.000000,0.000000,0.000000,-1.000000,1.000000,0.000000,0.000000;
		decal_origin = -3.241628,1.500000,-2.916543,0xD7B9400C;
	  f far_plane = 1.100000;
	  x guid = 0x15EED63F;
	  f horizontal_meters = 4.000000;
	  f lod = 1.000000;
	  f near_plane = 0.100000;
		texture = Art\Bitmaps\Decals\b_d_grs01-a.%img%;
	  f vertical_meters = 4.000000;
	}
	[t:decal,n:*]
	{
		decal_orientation = 0.707107,0.620519,0.339052,0.000000,0.479492,-0.877546,-0.707107,0.620519,0.339052;
		decal_origin = -3.270331,1.786633,-2.254337,0xD7B9400C;
	  f far_plane = 1.100000;
	  x guid = 0xB56572F5;
	  f horizontal_meters = 4.000000;
	  f lod = 1.000000;
	  f near_plane = 0.100000;
		texture = Art\Bitmaps\Decals\b_d_grs01-a.%img%;
	  f vertical_meters = 4.000000;
	}
	[t:decal,n:*]
	{
		decal_orientation = 0.994025,0.101734,0.039542,0.000000,0.362282,-0.932069,-0.109148,0.926500,0.360117;
		decal_origin = -1.570528,1.690277,-3.743317,0xD7B9400C;
	  f far_plane = 1.100000;
	  x guid = 0xEEF9D881;
	  f horizontal_meters = 4.000000;
	  f lod = 1.000000;
	  f near_plane = 0.100000;
		texture = Art\Bitmaps\Decals\b_d_grs01-a.%img%;
	  f vertical_meters = 4.000000;
	}
	[t:decal,n:*]
	{
		decal_orientation = 0.707107,0.620519,0.339052,0.000000,0.479492,-0.877546,-0.707107,0.620519,0.339052;
		decal_origin = -2.592415,1.726758,-3.181847,0xD7B9400C;
	  f far_plane = 1.100000;
	  x guid = 0x7D965C2F;
	  f horizontal_meters = 4.000000;
	  f lod = 1.000000;
	  f near_plane = 0.100000;
		texture = Art\Bitmaps\Decals\b_d_grs01-a.%img%;
	  f vertical_meters = 4.000000;
	}
	[t:decal,n:*]
	{
		decal_orientation = 0.000000,-1.000000,0.000000,0.000000,0.000000,-1.000000,1.000000,0.000000,0.000000;
		decal_origin = -2.983287,1.499999,3.934161,0xD7B9400C;
	  f far_plane = 1.100000;
	  x guid = 0x19C157CF;
	  f horizontal_meters = 4.000000;
	  f lod = 1.000000;
	  f near_plane = 0.100000;
		texture = Art\Bitmaps\Decals\b_d_grs01-a.%img%;
	  f vertical_meters = 4.000000;
	}
	[t:decal,n:*]
	{
		decal_orientation = -1.000000,0.000000,0.000000,0.000000,0.464007,-0.885831,0.000000,-0.885831,-0.464007;
		decal_origin = -1.443959,1.567372,4.117431,0xD7B9400C;
	  f far_plane = 1.100000;
	  x guid = 0x5555F5D6;
	  f horizontal_meters = 4.000000;
	  f lod = 1.000000;
	  f near_plane = 0.100000;
		texture = Art\Bitmaps\Decals\b_d_grs01-a.%img%;
	  f vertical_meters = 4.000000;
	}
	[t:decal,n:*]
	{
		decal_orientation = -0.561129,0.792729,0.238151,0.000000,0.287716,-0.957716,-0.827728,-0.537402,-0.161446;
		decal_origin = -2.021137,1.645751,3.366122,0xD7B9400C;
	  f far_plane = 1.100000;
	  x guid = 0x640F8C1B;
	  f horizontal_meters = 4.000000;
	  f lod = 1.000000;
	  f near_plane = 0.100000;
		texture = Art\Bitmaps\Decals\b_d_grs01-a.%img%;
	  f vertical_meters = 4.000000;
	}
	[t:decal,n:*]
	{
		decal_orientation = -1.000000,0.000000,0.000000,0.000000,0.226514,-0.974008,0.000000,-0.974008,-0.226514;
		decal_origin = 3.419037,1.657339,3.438181,0xD7B9400C;
	  f far_plane = 1.100000;
	  x guid = 0xF5747218;
	  f horizontal_meters = 4.000000;
	  f lod = 1.000000;
	  f near_plane = 0.100000;
		texture = Art\Bitmaps\Decals\b_d_grs01-a.%img%;
	  f vertical_meters = 4.000000;
	}
	[t:decal,n:*]
	{
		decal_orientation = 0.000000,-1.000000,0.000000,0.000000,0.000000,-1.000000,1.000000,0.000000,0.000000;
		decal_origin = 3.716538,1.500000,-2.507713,0xD7B9400C;
	  f far_plane = 1.100000;
	  x guid = 0x4AC9366C;
	  f horizontal_meters = 4.000000;
	  f lod = 1.000000;
	  f near_plane = 0.100000;
		texture = Art\Bitmaps\Decals\b_d_grs01-a.%img%;
	  f vertical_meters = 4.000000;
	}
	[t:decal,n:*]
	{
