[decals]
{
	[t:decal,n:*]
	{
		decal_orientation = 0.000000,-1.000000,0.000000,0.000000,0.000000,-1.000000,1.000000,0.000000,0.000000;
		decal_origin = -5.050143,-2.950001,-2.365502,0x5E47A94F;
	  f far_plane = 1.100000;
	  x guid = 0xEEA44689;
	  f horizontal_meters = 4.000000;
	  f lod = 1.000000;
	  f near_plane = 0.100000;
		texture = Art\Bitmaps\Decals\b_d_for01-a.%img%;
	  f vertical_meters = 4.000000;
	}
	[t:decal,n:*]
	{
		decal_orientation = 0.000000,-0.990492,-0.137568,0.000000,0.137568,-0.990492,1.000000,0.000000,0.000000;
		decal_origin = -4.979439,-2.943257,-4.997582,0x5E47A94F;
	  f far_plane = 1.100000;
	  x guid = 0xBD9D1251;
	  f horizontal_meters = 4.000000;
	  f lod = 1.000000;
	  f near_plane = 0.100000;
		texture = Art\Bitmaps\Decals\b_d_for01-a.%img%;
	  f vertical_meters = 4.000000;
	}
	[t:decal,n:*]
	{
		decal_orientation = 0.995893,-0.015544,-0.089191,0.000000,0.985151,-0.171693,0.090536,0.170988,0.981105;
		decal_origin = -4.950180,6.044527,0.134311,0x5E47A94F;
	  f far_plane = 1.100000;
	  x guid = 0x33B59496;
	  f horizontal_meters = 4.000000;
	  f lod = 1.000000;
	  f near_plane = 0.100000;
		texture = Art\Bitmaps\Decals\b_d_for01-a.%img%;
	  f vertical_meters = 4.000000;
	}
	[t:decal,n:*]
	{
		decal_orientation = 1.000000,0.000000,0.000000,0.000000,0.988936,-0.148340,0.000000,0.148340,0.988936;
		decal_origin = -5.057371,3.614944,-0.276446,0x5E47A94F;
	  f far_plane = 1.100000;
	  x guid = 0x8F5BCB5F;
	  f horizontal_meters = 4.000000;
	  f lod = 1.000000;
	  f near_plane = 0.100000;
		texture = Art\Bitmaps\Decals\b_d_for01-a.%img%;
	  f vertical_meters = 4.000000;
	}
	[t:decal,n:*]
	{
		decal_orientation = 0.970142,-0.067776,-0.232873,0.000000,0.960161,-0.279448,0.242536,0.271104,0.931493;
		decal_origin = -4.811940,-1.895572,-1.510203,0x5E47A94F;
	  f far_plane = 1.100000;
	  x guid = 0x0FFFA49B;
	  f horizontal_meters = 4.000000;
	  f lod = 1.000000;
	  f near_plane = 0.100000;
		texture = Art\Bitmaps\Decals\b_d_for01-a.%img%;
	  f vertical_meters = 4.000000;
	}
	[t:decal,n:*]
	{
		decal_orientation = 0.000000,-0.997785,-0.066519,0.000000,0.066519,-0.997785,1.000000,0.000000,0.000000;
		decal_origin = 6.038323,-5.000335,-0.231885,0x550EC5CB;
	  f far_plane = 1.100000;
	  x guid = 0x28F6F9C0;
	  f horizontal_meters = 4.000000;
	  f lod = 1.000000;
	  f near_plane = 0.100000;
		texture = Art\Bitmaps\Decals\b_d_for01-a.%img%;
	  f vertical_meters = 4.000000;
	}
	[t:decal,n:*]
	{
		decal_orientation = 0.000000,-0.997459,-0.071247,0.000000,0.071247,-0.997459,1.000000,0.000000,0.000000;
		decal_origin = 5.845761,-4.986435,-2.292363,0x550EC5CB;
	  f far_plane = 1.100000;
	  x guid = 0x1A10AF16;
	  f horizontal_meters = 4.000000;
	  f lod = 1.000000;
	  f near_plane = 0.100000;
		texture = Art\Bitmaps\Decals\b_d_for01-a.%img%;
	  f vertical_meters = 4.000000;
	}
	[t:decal,n:*]
	{
		decal_orientation = 1.000000,0.000000,0.000000,0.000000,0.024992,-0.999688,0.000000,0.999688,0.024992;
		decal_origin = 4.787459,-4.995596,-3.836331,0x550EC5CB;
	  f far_plane = 1.100000;
	  x guid = 0xBC4CAA8E;
	  f horizontal_meters = 4.000000;
	  f lod = 1.000000;
	  f near_plane = 0.100000;
		texture = Art\Bitmaps\Decals\b_d_for01-a.%img%;
	  f vertical_meters = 4.000000;
	}
	[t:decal,n:*]
	{
		decal_orientation = 0.000000,-1.000000,0.000000,0.000000,0.000000,-1.000000,1.000000,0.000000,0.000000;
		decal_origin = -4.645772,-5.000000,-3.989903,0x550EC5CB;
	  f far_plane = 1.100000;
	  x guid = 0x1D3233C1;
	  f horizontal_meters = 4.000000;
	  f lod = 1.000000;
	  f near_plane = 0.100000;
		texture = Art\Bitmaps\Decals\b_d_for01-a.%img%;
	  f vertical_meters = 4.000000;
	}
	[t:decal,n:*]
	{
		decal_orientation = 0.759123,-0.144544,-0.634697,0.000000,0.975035,-0.222051,0.650948,0.168564,0.740171;
		decal_origin = 6.587502,-2.703125,1.041806,0x550EC5CB;
	  f far_plane = 1.100000;
	  x guid = 0x8C545EB4;
	  f horizontal_meters = 4.000000;
	  f lod = 1.000000;
	  f near_plane = 0.100000;
		texture = Art\Bitmaps\Decals\b_d_for01-a.%img%;
	  f vertical_meters = 4.000000;
	}
	[t:decal,n:*]
	{
		decal_orientation = 0.922393,-0.052937,-0.382607,0.000000,0.990564,-0.137053,0.386252,0.126417,0.913689;
		decal_origin = 6.305988,1.928386,1.822925,0x550EC5CB;
	  f far_plane = 1.100000;
	  x guid = 0x0B505CA7;
	  f horizontal_meters = 4.000000;
	  f lod = 1.000000;
	  f near_plane = 0.100000;
		texture = Art\Bitmaps\Decals\b_d_for01-a.%img%;
	  f vertical_meters = 4.000000;
	}
	[t:decal,n:*]
	{
		decal_orientation = 0.974021,-0.038052,-0.223240,0.000000,0.985782,-0.168030,0.226460,0.163665,0.960172;
		decal_origin = 6.201517,3.726529,2.107515,0x550EC5CB;
	  f far_plane = 1.100000;
	  x guid = 0xFEB7D8E2;
	  f horizontal_meters = 4.000000;
	  f lod = 1.000000;
	  f near_plane = 0.100000;
		texture = Art\Bitmaps\Decals\b_d_for01-a.%img%;
	  f vertical_meters = 4.000000;
	}
	[t:decal,n:*]
	{
		decal_orientation = 0.974021,-0.038052,-0.223240,0.000000,0.985782,-0.168030,0.226460,0.163665,0.960172;
		decal_origin = 5.877576,5.810250,2.396849,0x550EC5CB;
	  f far_plane = 1.100000;
	  x guid = 0x9A7DB88F;
	  f horizontal_meters = 4.000000;
	  f lod = 1.000000;
	  f near_plane = 0.100000;
		texture = Art\Bitmaps\Decals\b_d_for01-a.%img%;
	  f vertical_meters = 4.000000;
	}
	[t:decal,n:*]
	{
		decal_orientation = 0.000000,0.995037,0.099504,0.000000,0.099504,-0.995037,-1.000000,0.000000,0.000000;
		decal_origin = 5.594680,6.964455,3.735466,0x550EC5CB;
	  f far_plane = 1.100000;
	  x guid = 0x7312283C;
	  f horizontal_meters = 4.000000;
	  f lod = 1.000000;
	  f near_plane = 0.100000;
		texture = Art\Bitmaps\Decals\b_d_for01-a.%img%;
	  f vertical_meters = 4.000000;
	}
	[t:decal,n:*]
	{
		decal_orientation = 1.000000,0.000000,0.000000,0.000000,0.196116,-0.980581,-0.000000,0.980581,0.196116;
		decal_origin = 4.142234,6.921689,3.509422,0x550EC5CB;
	  f far_plane = 1.100000;
	  x guid = 0x709AACF0;
	  f horizontal_meters = 4.000000;
	  f lod = 1.000000;
	  f near_plane = 0.100000;
		texture = Art\Bitmaps\Decals\b_d_for01-a.%img%;
	  f vertical_meters = 4.000000;
	}
	[t:decal,n:*]
	{
		decal_orientation = 0.993263,0.115299,0.011608,0.000000,0.100172,-0.994970,-0.115882,0.988267,0.099497;
		decal_origin = 2.308470,6.934375,3.373863,0x550EC5CB;
	  f far_plane = 1.100000;
	  x guid = 0x1DA88AFA;
	  f horizontal_meters = 4.000000;
	  f lod = 1.000000;
	  f near_plane = 0.100000;
		texture = Art\Bitmaps\Decals\b_d_for01-a.%img%;
	  f vertical_meters = 4.000000;
	}
	[t:decal,n:*]
	{
		decal_orientation = 1.000000,0.000000,0.000000,0.000000,0.129339,-0.991600,-0.000000,0.991600,0.129339;
		decal_origin = 0.097247,6.949711,3.549504,0x550EC5CB;
	  f far_plane = 1.100000;
	  x guid = 0x494858FE;
	  f horizontal_meters = 4.000000;
	  f lod = 1.000000;
	  f near_plane = 0.100000;
		texture = Art\Bitmaps\Decals\b_d_for01-a.%img%;
	  f vertical_meters = 4.000000;
	}
	[t:decal,n:*]
	{
		decal_orientation = 1.000000,0.000000,0.000000,0.000000,0.129339,-0.991600,0.000000,0.991600,0.129339;
		decal_origin = -1.889898,6.938572,3.464106,0x550EC5CB;
	  f far_plane = 1.100000;
	  x guid = 0xBD7F4C58;
	  f horizontal_meters = 4.000000;
	  f lod = 1.000000;
	  f near_plane = 0.100000;
		texture = Art\Bitmaps\Decals\b_d_for01-a.%img%;
	  f vertical_meters = 4.000000;
	}
	[t:decal,n:*]
	{
		decal_orientation = 1.000000,0.000000,0.000000,0.000000,0.216931,-0.976187,-0.000000,0.976187,0.216931;
		decal_origin = -3.830652,6.893017,3.408801,0x550EC5CB;
	  f far_plane = 1.100000;
	  x guid = 0x86C96934;
	  f horizontal_meters = 4.000000;
	  f lod = 1.000000;
	  f near_plane = 0.100000;
		texture = Art\Bitmaps\Decals\b_d_for01-a.%img%;
	  f vertical_meters = 4.000000;
	}
	[t:decal,n:*]
	{
		decal_orientation = 0.983752,0.030460,0.176932,0.000000,0.985502,-0.169661,-0.179535,0.166904,0.969490;
		decal_origin = -5.948164,5.865442,2.435522,0x550EC5CB;
	  f far_plane = 1.100000;
	  x guid = 0x3C199E7F;
	  f horizontal_meters = 4.000000;
	  f lod = 1.000000;
	  f near_plane = 0.100000;
		texture = Art\Bitmaps\Decals\b_d_for01-a.%img%;
	  f vertical_meters = 4.000000;
	}
	[t:decal,n:*]
	{
		decal_orientation = 0.000000,-0.995037,-0.099504,0.000000,0.099504,-0.995037,1.000000,0.000000,0.000000;
		decal_origin = -5.766575,6.981645,3.742464,0x550EC5CB;
	  f far_plane = 1.100000;
	  x guid = 0x1637CE81;
	  f horizontal_meters = 4.000000;
	  f lod = 1.000000;
	  f near_plane = 0.100000;
		texture = Art\Bitmaps\Decals\b_d_for01-a.%img%;
	  f vertical_meters = 4.000000;
	}
	[t:decal,n:*]
	{
		decal_orientation = 0.844182,0.089243,0.528575,0.000000,0.986045,-0.166480,-0.536056,0.140540,0.832402;
		decal_origin = -6.439303,-0.542126,1.469191,0x550EC5CB;
	  f far_plane = 1.100000;
	  x guid = 0x3987F24F;
	  f horizontal_meters = 4.000000;
	  f lod = 1.000000;
	  f near_plane = 0.100000;
		texture = Art\Bitmaps\Decals\b_d_for01-a.%img%;
	  f vertical_meters = 4.000000;
	}
	[t:decal,n:*]
	{
		decal_orientation = 0.837486,0.133157,0.529988,0.000000,0.969858,-0.243672,-0.546459,0.204072,0.812242;
		decal_origin = -6.461456,-2.077345,1.146736,0x550EC5CB;
	  f far_plane = 1.100000;
	  x guid = 0x3A204CBF;
	  f horizontal_meters = 4.000000;
	  f lod = 1.000000;
	  f near_plane = 0.100000;
		texture = Art\Bitmaps\Decals\b_d_for01-a.%img%;
	  f vertical_meters = 4.000000;
	}
	[t:decal,n:*]
	{
		decal_orientation = 0.857493,0.314336,0.407307,0.000000,0.791662,-0.610960,-0.514496,0.523894,0.678844;
		decal_origin = -6.360488,-4.953766,-0.015188,0x550EC5CB;
	  f far_plane = 1.100000;
	  x guid = 0x16616BBA;
	  f horizontal_meters = 4.000000;
	  f lod = 1.000000;
	  f near_plane = 0.100000;
		texture = Art\Bitmaps\Decals\b_d_for01-a.%img%;
	  f vertical_meters = 4.000000;
	}
	[t:decal,n:*]
	{
		decal_orientation = 0.874975,0.122531,0.468407,0.000000,0.967447,-0.253075,-0.484168,0.221434,0.846492;
		decal_origin = -5.859439,0.607938,1.422629,0x550EC5CB;
	  f far_plane = 1.100000;
	  x guid = 0xB3C90C75;
	  f horizontal_meters = 4.000000;
	  f lod = 1.000000;
	  f near_plane = 0.100000;
		texture = Art\Bitmaps\Decals\b_d_for01-a.%img%;
	  f vertical_meters = 4.000000;
	}
	[t:decal,n:*]
	{
		decal_orientation = 0.882353,-0.132784,-0.451466,0.000000,0.959365,-0.282166,0.470588,0.248970,0.846499;
		decal_origin = 4.454894,5.381356,1.921725,0x550EC5CB;
	  f far_plane = 1.100000;
	  x guid = 0xE9F5EF55;
	  f horizontal_meters = 4.000000;
	  f lod = 1.000000;
	  f near_plane = 0.100000;
		texture = Art\Bitmaps\Decals\b_d_for01-a.%img%;
	  f vertical_meters = 4.000000;
	}
	[t:decal,n:*]
	{
		decal_orientation = 0.999445,-0.010530,-0.031607,0.000000,0.948736,-0.316070,0.033315,0.315894,0.948209;
		decal_origin = 3.586696,5.507974,1.834261,0x550EC5CB;
	  f far_plane = 1.100000;
	  x guid = 0x6972F36D;
	  f horizontal_meters = 4.000000;
	  f lod = 1.000000;
	  f near_plane = 0.100000;
		texture = Art\Bitmaps\Decals\b_d_for01-a.%img%;
	  f vertical_meters = 4.000000;
	}
	[t:decal,n:*]
	{
		decal_orientation = 0.996906,0.021723,0.075541,0.000000,0.961052,-0.276369,-0.078602,0.275514,0.958078;
		decal_origin = -4.004004,5.342548,1.924602,0x550EC5CB;
	  f far_plane = 1.100000;
	  x guid = 0x3B5E9292;
	  f horizontal_meters = 4.000000;
	  f lod = 1.000000;
	  f near_plane = 0.100000;
		texture = Art\Bitmaps\Decals\b_d_for01-a.%img%;
	  f vertical_meters = 4.000000;
	}
	[t:decal,n:*]
	{
		decal_orientation = 0.929092,0.095744,0.357242,0.000000,0.965912,-0.258871,-0.369850,0.240515,0.897420;
		decal_origin = -5.455809,3.676339,1.952625,0x550EC5CB;
	  f far_plane = 1.100000;
	  x guid = 0x2A920CBE;
	  f horizontal_meters = 4.000000;
	  f lod = 1.000000;
	  f near_plane = 0.100000;
		texture = Art\Bitmaps\Decals\b_d_for01-a.%img%;
	  f vertical_meters = 4.000000;
	}
	[t:decal,n:*]
	{
		decal_orientation = 1.000000,0.000000,0.000000,0.000000,0.743294,-0.668965,0.000000,0.668965,0.743294;
		decal_origin = -1.882166,-4.600039,-1.785396,0xBD8299CC;
	  f far_plane = 1.100000;
	  x guid = 0x2282CCCF;
	  f horizontal_meters = 4.000000;
	  f lod = 1.000000;
	  f near_plane = 0.100000;
		texture = Art\Bitmaps\Decals\b_d_for01-a.%img%;
	  f vertical_meters = 4.000000;
	}
	[t:decal,n:*]
	{
		decal_orientation = 0.970142,0.067776,0.232873,0.000000,0.960161,-0.279448,-0.242536,0.271104,0.931493;
		decal_origin = -2.226356,-3.780050,-1.450971,0xBD8299CC;
	  f far_plane = 1.100000;
	  x guid = 0x6A531128;
	  f horizontal_meters = 4.000000;
	  f lod = 1.000000;
	  f near_plane = 0.100000;
		texture = Art\Bitmaps\Decals\b_d_for01-a.%img%;
	  f vertical_meters = 4.000000;
	}
	[t:decal,n:*]
	{
		decal_orientation = 1.000000,0.000000,0.000000,0.000000,0.980581,-0.196116,0.000000,0.196116,0.980581;
		decal_origin = -1.934144,-0.994465,-0.718697,0xBD8299CC;
	  f far_plane = 1.100000;
	  x guid = 0xF84A8DA7;
	  f horizontal_meters = 4.000000;
	  f lod = 1.000000;
	  f near_plane = 0.100000;
		texture = Art\Bitmaps\Decals\b_d_for01-a.%img%;
	  f vertical_meters = 4.000000;
	}
	[t:decal,n:*]
	{
		decal_orientation = 1.000000,0.000000,0.000000,0.000000,0.988936,-0.148340,0.000000,0.148340,0.988936;
		decal_origin = -1.950678,0.646948,-0.414145,0xBD8299CC;
	  f far_plane = 1.100000;
	  x guid = 0x80A4A367;
	  f horizontal_meters = 4.000000;
	  f lod = 1.000000;
	  f near_plane = 0.100000;
		texture = Art\Bitmaps\Decals\b_d_for01-a.%img%;
	  f vertical_meters = 4.000000;
	}
	[t:decal,n:*]
	{
		decal_orientation = 0.995893,0.011784,0.089765,0.000000,0.991493,-0.130160,-0.090536,0.129626,0.987421;
		decal_origin = -1.934601,1.942928,-0.226207,0xBD8299CC;
	  f far_plane = 1.100000;
	  x guid = 0x3A580D2B;
	  f horizontal_meters = 4.000000;
	  f lod = 1.000000;
	  f near_plane = 0.100000;
		texture = Art\Bitmaps\Decals\b_d_for01-a.%img%;
	  f vertical_meters = 4.000000;
	}
	[t:decal,n:*]
	{
		decal_orientation = 0.948683,-0.068346,-0.308754,0.000000,0.976365,-0.216128,0.316228,0.205037,0.926261;
		decal_origin = -1.534862,5.286117,0.408864,0xBD8299CC;
	  f far_plane = 1.100000;
	  x guid = 0xC42B38A1;
	  f horizontal_meters = 4.000000;
	  f lod = 1.000000;
	  f near_plane = 0.100000;
		texture = Art\Bitmaps\Decals\b_d_for01-a.%img%;
	  f vertical_meters = 4.000000;
	}
	[t:decal,n:*]
	{
		decal_orientation = 0.000000,-1.000000,0.000000,0.000000,0.000000,-1.000000,1.000000,0.000000,0.000000;
		decal_origin = -1.722904,0.950001,1.317764,0xC8CB2820;
	  f far_plane = 1.100000;
	  x guid = 0x11EA5AA4;
	  f horizontal_meters = 4.000000;
	  f lod = 1.000000;
	  f near_plane = 0.100000;
		texture = Art\Bitmaps\Decals\b_d_for01-a.%img%;
	  f vertical_meters = 4.000000;
	}
	[t:decal,n:*]
	{
		decal_orientation = 0.000000,1.000000,0.000000,0.000000,-0.000000,-1.000000,-1.000000,-0.000000,0.000000;
		decal_origin = 0.913345,0.950001,1.737640,0xC8CB2820;
	  f far_plane = 1.100000;
	  x guid = 0x3DE79DF6;
	  f horizontal_meters = 4.000000;
	  f lod = 1.000000;
	  f near_plane = 0.100000;
		texture = Art\Bitmaps\Decals\b_d_for01-a.%img%;
	  f vertical_meters = 4.000000;
	}
	[t:decal,n:*]
	{
		decal_orientation = 0.000000,-1.000000,0.000000,0.000000,0.000000,-1.000000,1.000000,0.000000,0.000000;
		decal_origin = -1.452646,0.999999,-1.591755,0x05B69497;
	  f far_plane = 1.100000;
	  x guid = 0xF9CB1FD3;
	  f horizontal_meters = 4.000000;
	  f lod = 1.000000;
	  f near_plane = 0.100000;
		texture = Art\Bitmaps\Decals\b_d_for01-a.%img%;
	  f vertical_meters = 4.000000;
	}
	[t:decal,n:*]
	{
		decal_orientation = 0.000000,-1.000000,0.000000,0.000000,0.000000,-1.000000,1.000000,0.000000,0.000000;
		decal_origin = -1.246693,0.999999,0.353791,0x05B69497;
	  f far_plane = 1.100000;
	  x guid = 0xA411408A;
	  f horizontal_meters = 4.000000;
	  f lod = 1.000000;
	  f near_plane = 0.100000;
		texture = Art\Bitmaps\Decals\b_d_for01-a.%img%;
	  f vertical_meters = 4.000000;
	}
	[t:decal,n:*]
	{
		decal_orientation = 0.000000,-1.000000,0.000000,0.000000,0.000000,-1.000000,1.000000,0.000000,0.000000;
		decal_origin = -3.534061,3.000000,3.337898,0xC5768609;
	  f far_plane = 1.100000;
	  x guid = 0x1E280224;
	  f horizontal_meters = 4.000000;
	  f lod = 1.000000;
	  f near_plane = 0.100000;
		texture = Art\Bitmaps\Decals\b_d_for01-a.%img%;
	  f vertical_meters = 4.000000;
	}
	[t:decal,n:*]
	{
		decal_orientation = 0.000000,-1.000000,0.000000,0.000000,0.000000,-1.000000,1.000000,0.000000,0.000000;
		decal_origin = 2.000000,2.000000,0.000000,0x40EF190E;
	  f far_plane = 2.200000;
	  x guid = 0x2B0D8927;
	  f horizontal_meters = 8.000000;
	  f lod = 1.000000;
	  f near_plane = 0.100000;
		texture = Art\Bitmaps\Decals\b_d_jng01-a.%img%;
	  f vertical_meters = 8.000000;
	}
	[t:decal,n:*]
	{
		decal_orientation = 0.000000,-1.000000,0.000000,0.000000,0.000000,-1.000000,1.000000,0.000000,0.000000;
		decal_origin = 0.000000,2.000000,-2.000000,0xBF8C1448;
	  f far_plane = 2.200000;
	  x guid = 0xD2E0F85A;
	  f horizontal_meters = 8.000000;
	  f lod = 1.000000;
	  f near_plane = 0.100000;
		texture = Art\Bitmaps\Decals\b_d_jng01-a.%img%;
	  f vertical_meters = 8.000000;
	}
}
