[decals]
{
	[t:decal,n:*]
	{
		decal_orientation = 0.000000,-1.000000,0.000000,0.000000,0.000000,-1.000000,1.000000,0.000000,0.000000;
		decal_origin = -5.089142,-2.950001,-3.758215,0x5E47A94F;
	  f far_plane = 1.100000;
	  x guid = 0xA3031B25;
	  f horizontal_meters = 4.000000;
	  f lod = 1.000000;
	  f near_plane = 0.100000;
		texture = Art\Bitmaps\Decals\b_d_for01-a.%img%;
	  f vertical_meters = 4.000000;
	}
	[t:decal,n:*]
	{
		decal_orientation = 0.000000,-1.000000,0.000000,0.000000,0.000000,-1.000000,1.000000,0.000000,0.000000;
		decal_origin = -5.069038,-2.950003,-2.076856,0x5E47A94F;
	  f far_plane = 1.100000;
	  x guid = 0x53F3BC68;
	  f horizontal_meters = 4.000000;
	  f lod = 1.000000;
	  f near_plane = 0.100000;
		texture = Art\Bitmaps\Decals\b_d_for01-a.%img%;
	  f vertical_meters = 4.000000;
	}
	[t:decal,n:*]
	{
		decal_orientation = 0.000000,-1.000000,0.000000,0.000000,0.000000,-1.000000,1.000000,0.000000,0.000000;
		decal_origin = -5.101374,9.050001,1.767400,0x5E47A94F;
	  f far_plane = 1.100000;
	  x guid = 0x9A75B399;
	  f horizontal_meters = 4.000000;
	  f lod = 1.000000;
	  f near_plane = 0.100000;
		texture = Art\Bitmaps\Decals\b_d_for01-a.%img%;
	  f vertical_meters = 4.000000;
	}
	[t:decal,n:*]
	{
		decal_orientation = 0.995893,-0.015544,-0.089191,0.000000,0.985151,-0.171693,0.090536,0.170988,0.981105;
		decal_origin = -5.180400,5.576341,0.031450,0x5E47A94F;
	  f far_plane = 1.100000;
	  x guid = 0x8F430327;
	  f horizontal_meters = 4.000000;
	  f lod = 1.000000;
	  f near_plane = 0.100000;
		texture = Art\Bitmaps\Decals\b_d_for01-a.%img%;
	  f vertical_meters = 4.000000;
	}
	[t:decal,n:*]
	{
		decal_orientation = 0.995893,-0.011784,-0.089765,0.000000,0.991493,-0.130160,0.090536,0.129626,0.987421;
		decal_origin = -5.075781,3.613810,-0.277127,0x5E47A94F;
	  f far_plane = 1.100000;
	  x guid = 0x6DEEF1B1;
	  f horizontal_meters = 4.000000;
	  f lod = 1.000000;
	  f near_plane = 0.100000;
		texture = Art\Bitmaps\Decals\b_d_for01-a.%img%;
	  f vertical_meters = 4.000000;
	}
	[t:decal,n:*]
	{
		decal_orientation = 1.000000,0.000000,0.000000,0.000000,0.980581,-0.196116,0.000000,0.196116,0.980581;
		decal_origin = -5.031013,2.059207,-0.517964,0x5E47A94F;
	  f far_plane = 1.100000;
	  x guid = 0x2268E687;
	  f horizontal_meters = 4.000000;
	  f lod = 1.000000;
	  f near_plane = 0.100000;
		texture = Art\Bitmaps\Decals\b_d_for01-a.%img%;
	  f vertical_meters = 4.000000;
	}
	[t:decal,n:*]
	{
		decal_orientation = 0.970143,-0.057166,-0.235702,0.000000,0.971825,-0.235702,0.242536,0.228665,0.942809;
		decal_origin = -4.841275,0.309688,-0.856057,0x5E47A94F;
	  f far_plane = 1.100000;
	  x guid = 0xDD233B26;
	  f horizontal_meters = 4.000000;
	  f lod = 1.000000;
	  f near_plane = 0.100000;
		texture = Art\Bitmaps\Decals\b_d_for01-a.%img%;
	  f vertical_meters = 4.000000;
	}
	[t:decal,n:*]
	{
		decal_orientation = 0.970142,-0.067776,-0.232873,0.000000,0.960161,-0.279448,0.242536,0.271104,0.931493;
		decal_origin = -4.767814,-1.532081,-1.390121,0x5E47A94F;
	  f far_plane = 1.100000;
	  x guid = 0x21B6EF00;
	  f horizontal_meters = 4.000000;
	  f lod = 1.000000;
	  f near_plane = 0.100000;
		texture = Art\Bitmaps\Decals\b_d_for01-a.%img%;
	  f vertical_meters = 4.000000;
	}
	[t:decal,n:*]
	{
		decal_orientation = 1.000000,0.000000,0.000000,0.000000,0.743294,-0.668965,0.000000,0.668965,0.743294;
		decal_origin = -5.046312,-2.750055,-1.965411,0x5E47A94F;
	  f far_plane = 1.100000;
	  x guid = 0xE75E890B;
	  f horizontal_meters = 4.000000;
	  f lod = 1.000000;
	  f near_plane = 0.100000;
		texture = Art\Bitmaps\Decals\b_d_for01-a.%img%;
	  f vertical_meters = 4.000000;
	}
	[t:decal,n:*]
	{
		decal_orientation = 1.000000,0.000000,0.000000,0.000000,0.024992,-0.999688,0.000000,0.999688,0.024992;
		decal_origin = 5.905889,-4.998880,-3.967695,0x057A000E;
	  f far_plane = 1.100000;
	  x guid = 0x96E0B7A8;
	  f horizontal_meters = 4.000000;
	  f lod = 1.000000;
	  f near_plane = 0.100000;
		texture = Art\Bitmaps\Decals\b_d_for01-a.%img%;
	  f vertical_meters = 4.000000;
	}
	[t:decal,n:*]
	{
		decal_orientation = 0.000000,-1.000000,0.000000,0.000000,0.000000,-1.000000,1.000000,0.000000,0.000000;
		decal_origin = -5.983793,-5.000000,-3.924838,0x057A000E;
	  f far_plane = 1.100000;
	  x guid = 0x0A77310E;
	  f horizontal_meters = 4.000000;
	  f lod = 1.000000;
	  f near_plane = 0.100000;
		texture = Art\Bitmaps\Decals\b_d_for01-a.%img%;
	  f vertical_meters = 4.000000;
	}
	[t:decal,n:*]
	{
		decal_orientation = 0.000000,-0.997785,-0.066519,0.000000,0.066519,-0.997785,1.000000,0.000000,0.000000;
		decal_origin = 6.049091,-5.001053,0.019792,0x057A000E;
	  f far_plane = 1.100000;
	  x guid = 0xC0A39442;
	  f horizontal_meters = 4.000000;
	  f lod = 1.000000;
	  f near_plane = 0.100000;
		texture = Art\Bitmaps\Decals\b_d_for01-a.%img%;
	  f vertical_meters = 4.000000;
	}
	[t:decal,n:*]
	{
		decal_orientation = 0.000000,-1.000000,0.000000,0.000000,0.000000,-1.000000,1.000000,0.000000,0.000000;
		decal_origin = 5.740723,7.000000,3.836391,0x057A000E;
	  f far_plane = 1.100000;
	  x guid = 0x21FB86A4;
	  f horizontal_meters = 4.000000;
	  f lod = 1.000000;
	  f near_plane = 0.100000;
		texture = Art\Bitmaps\Decals\b_d_for01-a.%img%;
	  f vertical_meters = 4.000000;
	}
	[t:decal,n:*]
	{
		decal_orientation = 0.854200,-0.510322,-0.099572,0.000000,0.191504,-0.981492,0.519945,0.838390,0.163583;
		decal_origin = 4.366557,6.900264,3.511573,0x057A000E;
	  f far_plane = 1.100000;
	  x guid = 0xF981A29C;
	  f horizontal_meters = 4.000000;
	  f lod = 1.000000;
	  f near_plane = 0.100000;
		texture = Art\Bitmaps\Decals\b_d_for01-a.%img%;
	  f vertical_meters = 4.000000;
	}
	[t:decal,n:*]
	{
		decal_orientation = 1.000000,0.000000,0.000000,0.000000,0.371391,-0.928476,0.000000,0.928476,0.371391;
		decal_origin = -4.731477,6.869244,3.480530,0x057A000E;
	  f far_plane = 1.100000;
	  x guid = 0xBD70D391;
	  f horizontal_meters = 4.000000;
	  f lod = 1.000000;
	  f near_plane = 0.100000;
		texture = Art\Bitmaps\Decals\b_d_for01-a.%img%;
	  f vertical_meters = 4.000000;
	}
	[t:decal,n:*]
	{
		decal_orientation = 0.984563,0.029720,0.172492,0.000000,0.985479,-0.169796,-0.175033,0.167175,0.970266;
		decal_origin = -6.111483,5.390807,2.382567,0x057A000E;
	  f far_plane = 1.100000;
	  x guid = 0xF695E1C2;
	  f horizontal_meters = 4.000000;
	  f lod = 1.000000;
	  f near_plane = 0.100000;
		texture = Art\Bitmaps\Decals\b_d_for01-a.%img%;
	  f vertical_meters = 4.000000;
	}
	[t:decal,n:*]
	{
		decal_orientation = 0.981675,-0.053835,-0.182798,0.000000,0.959265,-0.282506,0.190560,0.277329,0.941687;
		decal_origin = 6.154658,-3.991132,0.470760,0x057A000E;
	  f far_plane = 1.100000;
	  x guid = 0x7A2E5DD2;
	  f horizontal_meters = 4.000000;
	  f lod = 1.000000;
	  f near_plane = 0.100000;
		texture = Art\Bitmaps\Decals\b_d_for01-a.%img%;
	  f vertical_meters = 4.000000;
	}
	[t:decal,n:*]
	{
		decal_orientation = 0.953477,-0.049616,-0.297356,0.000000,0.986363,-0.164583,0.301467,0.156926,0.940474;
		decal_origin = 6.261904,2.286786,1.869703,0x057A000E;
	  f far_plane = 1.100000;
	  x guid = 0x1CBA16DA;
	  f horizontal_meters = 4.000000;
	  f lod = 1.000000;
	  f near_plane = 0.100000;
		texture = Art\Bitmaps\Decals\b_d_for01-a.%img%;
	  f vertical_meters = 4.000000;
	}
	[t:decal,n:*]
	{
		decal_orientation = 0.994108,-0.026532,-0.105099,0.000000,0.969581,-0.244770,0.108396,0.243328,0.963868;
		decal_origin = 4.639462,5.599881,2.356026,0x057A000E;
	  f far_plane = 1.100000;
	  x guid = 0x66C348C0;
	  f horizontal_meters = 4.000000;
	  f lod = 1.000000;
	  f near_plane = 0.100000;
		texture = Art\Bitmaps\Decals\b_d_for01-a.%img%;
	  f vertical_meters = 4.000000;
	}
	[t:decal,n:*]
	{
		decal_orientation = 0.856203,0.113403,0.504039,0.000000,0.975612,-0.219501,-0.516639,0.187937,0.835323;
		decal_origin = -5.318326,5.581113,2.377080,0x057A000E;
	  f far_plane = 1.100000;
	  x guid = 0x65C5109E;
	  f horizontal_meters = 4.000000;
	  f lod = 1.000000;
	  f near_plane = 0.100000;
		texture = Art\Bitmaps\Decals\b_d_for01-a.%img%;
	  f vertical_meters = 4.000000;
	}
	[t:decal,n:*]
	{
		decal_orientation = 0.999508,-0.008844,-0.030084,0.000000,0.959403,-0.282039,0.031357,0.281900,0.958931;
		decal_origin = 4.095398,3.540815,1.759621,0x057A000E;
	  f far_plane = 1.100000;
	  x guid = 0xF0CF8785;
	  f horizontal_meters = 4.000000;
	  f lod = 1.000000;
	  f near_plane = 0.100000;
		texture = Art\Bitmaps\Decals\b_d_for01-a.%img%;
	  f vertical_meters = 4.000000;
	}
	[t:decal,n:*]
	{
		decal_orientation = 0.989728,0.020994,0.141411,0.000000,0.989159,-0.146850,-0.142961,0.145341,0.978998;
		decal_origin = -5.301938,3.133102,1.847682,0x057A000E;
	  f far_plane = 1.100000;
	  x guid = 0xBFAEFB9F;
	  f horizontal_meters = 4.000000;
	  f lod = 1.000000;
	  f near_plane = 0.100000;
		texture = Art\Bitmaps\Decals\b_d_for01-a.%img%;
	  f vertical_meters = 4.000000;
	}
	[t:decal,n:*]
	{
		decal_orientation = 0.940123,-0.043944,-0.337989,0.000000,0.991654,-0.128932,0.340834,0.121212,0.932277;
		decal_origin = 4.660353,1.145363,1.208773,0x057A000E;
	  f far_plane = 1.100000;
	  x guid = 0x78107CCF;
	  f horizontal_meters = 4.000000;
	  f lod = 1.000000;
	  f near_plane = 0.100000;
		texture = Art\Bitmaps\Decals\b_d_for01-a.%img%;
	  f vertical_meters = 4.000000;
	}
	[t:decal,n:*]
	{
		decal_orientation = 0.999989,0.001887,0.004209,0.000000,0.912489,-0.409101,-0.004612,0.409096,0.912480;
		decal_origin = 3.776391,2.411049,1.284286,0x057A000E;
	  f far_plane = 1.100000;
	  x guid = 0xEDF74D85;
	  f horizontal_meters = 4.000000;
	  f lod = 1.000000;
	  f near_plane = 0.100000;
		texture = Art\Bitmaps\Decals\b_d_for01-a.%img%;
	  f vertical_meters = 4.000000;
	}
	[t:decal,n:*]
	{
		decal_orientation = 0.884489,0.103697,0.454891,0.000000,0.974988,-0.222259,-0.466560,0.196586,0.862366;
		decal_origin = -6.112742,1.262755,1.725323,0x057A000E;
	  f far_plane = 1.100000;
	  x guid = 0x5C8A777C;
	  f horizontal_meters = 4.000000;
	  f lod = 1.000000;
	  f near_plane = 0.100000;
		texture = Art\Bitmaps\Decals\b_d_for01-a.%img%;
	  f vertical_meters = 4.000000;
	}
	[t:decal,n:*]
	{
		decal_orientation = 0.844819,0.089141,0.527574,0.000000,0.986024,-0.166602,-0.535052,0.140749,0.833012;
		decal_origin = -6.499855,-1.183621,1.379385,0x057A000E;
	  f far_plane = 1.100000;
	  x guid = 0x8CE92F5A;
	  f horizontal_meters = 4.000000;
	  f lod = 1.000000;
	  f near_plane = 0.100000;
		texture = Art\Bitmaps\Decals\b_d_for01-a.%img%;
	  f vertical_meters = 4.000000;
	}
	[t:decal,n:*]
	{
		decal_orientation = 0.940123,-0.043944,-0.337989,0.000000,0.991654,-0.128932,0.340834,0.121212,0.932277;
		decal_origin = 5.418309,-0.504135,1.255443,0x057A000E;
	  f far_plane = 1.100000;
	  x guid = 0x086C633E;
	  f horizontal_meters = 4.000000;
	  f lod = 1.000000;
	  f near_plane = 0.100000;
		texture = Art\Bitmaps\Decals\b_d_for01-a.%img%;
	  f vertical_meters = 4.000000;
	}
	[t:decal,n:*]
	{
		decal_orientation = 0.000000,-1.000000,0.000000,0.000000,0.000000,-1.000000,1.000000,0.000000,0.000000;
		decal_origin = -1.978053,0.950001,1.747407,0xC8CB2820;
	  f far_plane = 1.100000;
	  x guid = 0xEDAD1B12;
	  f horizontal_meters = 4.000000;
	  f lod = 1.000000;
	  f near_plane = 0.100000;
		texture = Art\Bitmaps\Decals\b_d_for01-a.%img%;
	  f vertical_meters = 4.000000;
	}
	[t:decal,n:*]
	{
		decal_orientation = 0.000000,-1.000000,0.000000,0.000000,0.000000,-1.000000,1.000000,0.000000,0.000000;
		decal_origin = 0.188354,0.950001,1.936973,0xC8CB2820;
	  f far_plane = 1.100000;
	  x guid = 0xF9AFBEF1;
	  f horizontal_meters = 4.000000;
	  f lod = 1.000000;
	  f near_plane = 0.100000;
		texture = Art\Bitmaps\Decals\b_d_for01-a.%img%;
	  f vertical_meters = 4.000000;
	}
	[t:decal,n:*]
	{
		decal_orientation = 1.000000,0.000000,0.000000,0.000000,0.129339,-0.991600,0.000000,0.991600,0.129339;
		decal_origin = 1.933063,6.976698,3.756409,0x3B51019E;
	  f far_plane = 1.100000;
	  x guid = 0x64CBEAAA;
	  f horizontal_meters = 4.000000;
	  f lod = 1.000000;
	  f near_plane = 0.100000;
		texture = Art\Bitmaps\Decals\b_d_for01-a.%img%;
	  f vertical_meters = 4.000000;
	}
	[t:decal,n:*]
	{
		decal_orientation = 1.000000,0.000000,0.000000,0.000000,0.129339,-0.991600,0.000000,0.991600,0.129339;
		decal_origin = -0.185594,6.972609,3.725062,0x3B51019E;
	  f far_plane = 1.100000;
	  x guid = 0xF27496B9;
	  f horizontal_meters = 4.000000;
	  f lod = 1.000000;
	  f near_plane = 0.100000;
		texture = Art\Bitmaps\Decals\b_d_for01-a.%img%;
	  f vertical_meters = 4.000000;
	}
	[t:decal,n:*]
	{
		decal_orientation = 1.000000,0.000000,0.000000,0.000000,0.129339,-0.991600,0.000000,0.991600,0.129339;
		decal_origin = -2.659029,6.974253,3.737662,0x3B51019E;
	  f far_plane = 1.100000;
	  x guid = 0xB125595A;
	  f horizontal_meters = 4.000000;
	  f lod = 1.000000;
	  f near_plane = 0.100000;
		texture = Art\Bitmaps\Decals\b_d_for01-a.%img%;
	  f vertical_meters = 4.000000;
	}
	[t:decal,n:*]
	{
		decal_orientation = 0.991094,-0.032146,-0.129228,0.000000,0.970426,-0.241399,0.133166,0.239249,0.961783;
		decal_origin = 3.117484,5.741126,2.201812,0x3B51019E;
	  f far_plane = 1.100000;
	  x guid = 0x71E9063F;
	  f horizontal_meters = 4.000000;
	  f lod = 1.000000;
	  f near_plane = 0.100000;
		texture = Art\Bitmaps\Decals\b_d_for01-a.%img%;
	  f vertical_meters = 4.000000;
	}
	[t:decal,n:*]
	{
		decal_orientation = 0.998881,0.013312,0.045380,0.000000,0.959568,-0.281477,-0.047292,0.281162,0.958494;
		decal_origin = -3.720010,5.880273,1.991711,0x3B51019E;
	  f far_plane = 1.100000;
	  x guid = 0x6ED3A1D2;
	  f horizontal_meters = 4.000000;
	  f lod = 1.000000;
	  f near_plane = 0.100000;
		texture = Art\Bitmaps\Decals\b_d_for01-a.%img%;
	  f vertical_meters = 4.000000;
	}
	[t:decal,n:*]
	{
		decal_orientation = 0.998881,0.013312,0.045380,0.000000,0.959568,-0.281477,-0.047292,0.281162,0.958494;
		decal_origin = -1.982714,5.954424,1.931234,0x3B51019E;
	  f far_plane = 1.100000;
	  x guid = 0xEB17D23E;
	  f horizontal_meters = 4.000000;
	  f lod = 1.000000;
	  f near_plane = 0.100000;
		texture = Art\Bitmaps\Decals\b_d_for01-a.%img%;
	  f vertical_meters = 4.000000;
	}
	[t:decal,n:*]
	{
		decal_orientation = 0.991094,-0.032146,-0.129228,0.000000,0.970426,-0.241399,0.133166,0.239249,0.961783;
		decal_origin = 0.920439,5.883738,1.942405,0x3B51019E;
	  f far_plane = 1.100000;
	  x guid = 0x5368A37E;
	  f horizontal_meters = 4.000000;
	  f lod = 1.000000;
	  f near_plane = 0.100000;
		texture = Art\Bitmaps\Decals\b_d_for01-a.%img%;
	  f vertical_meters = 4.000000;
	}
	[t:decal,n:*]
	{
		decal_orientation = 0.991094,-0.032146,-0.129228,0.000000,0.970426,-0.241399,0.133166,0.239249,0.961783;
		decal_origin = 2.550654,4.201753,1.739282,0x3B51019E;
	  f far_plane = 1.100000;
	  x guid = 0x4B89ABB3;
	  f horizontal_meters = 4.000000;
	  f lod = 1.000000;
	  f near_plane = 0.100000;
		texture = Art\Bitmaps\Decals\b_d_for01-a.%img%;
	  f vertical_meters = 4.000000;
	}
	[t:decal,n:*]
	{
		decal_orientation = 0.998881,0.013312,0.045380,0.000000,0.959568,-0.281477,-0.047292,0.281162,0.958494;
		decal_origin = -4.192826,4.286351,1.546018,0x3B51019E;
	  f far_plane = 1.100000;
	  x guid = 0xBD2CAFA5;
	  f horizontal_meters = 4.000000;
	  f lod = 1.000000;
	  f near_plane = 0.100000;
		texture = Art\Bitmaps\Decals\b_d_for01-a.%img%;
	  f vertical_meters = 4.000000;
	}
	[t:decal,n:*]
	{
		decal_orientation = -0.436273,0.886247,0.155663,0.000000,0.172995,-0.984923,-0.899814,-0.429696,-0.075473;
		decal_origin = -2.110025,-5.014806,-3.833935,0xBD8299CC;
	  f far_plane = 1.100000;
	  x guid = 0xEF8B8426;
	  f horizontal_meters = 4.000000;
	  f lod = 1.000000;
	  f near_plane = 0.100000;
		texture = Art\Bitmaps\Decals\b_d_for01-a.%img%;
	  f vertical_meters = 4.000000;
	}
	[t:decal,n:*]
	{
		decal_orientation = 0.995893,0.015544,0.089191,0.000000,0.985151,-0.171693,-0.090536,0.170988,0.981105;
		decal_origin = -1.996779,5.480466,0.389529,0xBD8299CC;
	  f far_plane = 1.100000;
	  x guid = 0x128F792E;
	  f horizontal_meters = 4.000000;
	  f lod = 1.000000;
	  f near_plane = 0.100000;
		texture = Art\Bitmaps\Decals\b_d_for01-a.%img%;
	  f vertical_meters = 4.000000;
	}
	[t:decal,n:*]
	{
		decal_orientation = 0.995893,0.015544,0.089191,0.000000,0.985151,-0.171693,-0.090536,0.170988,0.981105;
		decal_origin = -2.021226,3.837140,0.104170,0xBD8299CC;
	  f far_plane = 1.100000;
	  x guid = 0x46659448;
	  f horizontal_meters = 4.000000;
	  f lod = 1.000000;
	  f near_plane = 0.100000;
		texture = Art\Bitmaps\Decals\b_d_for01-a.%img%;
	  f vertical_meters = 4.000000;
	}
	[t:decal,n:*]
	{
		decal_orientation = 1.000000,0.000000,0.000000,0.000000,0.988936,-0.148340,0.000000,0.148340,0.988936;
		decal_origin = -1.982465,1.420510,-0.298111,0xBD8299CC;
	  f far_plane = 1.100000;
	  x guid = 0x74BC7166;
	  f horizontal_meters = 4.000000;
	  f lod = 1.000000;
	  f near_plane = 0.100000;
		texture = Art\Bitmaps\Decals\b_d_for01-a.%img%;
	  f vertical_meters = 4.000000;
	}
	[t:decal,n:*]
	{
		decal_orientation = 1.000000,0.000000,0.000000,0.000000,0.980581,-0.196116,0.000000,0.196116,0.980581;
		decal_origin = -1.983459,-0.921092,-0.704024,0xBD8299CC;
	  f far_plane = 1.100000;
	  x guid = 0xF4B88A93;
	  f horizontal_meters = 4.000000;
	  f lod = 1.000000;
	  f near_plane = 0.100000;
		texture = Art\Bitmaps\Decals\b_d_for01-a.%img%;
	  f vertical_meters = 4.000000;
	}
	[t:decal,n:*]
	{
		decal_orientation = 0.970142,0.067776,0.232873,0.000000,0.960161,-0.279448,-0.242536,0.271104,0.931493;
		decal_origin = -2.185624,-2.716752,-1.142164,0xBD8299CC;
	  f far_plane = 1.100000;
	  x guid = 0xDD7F8AC9;
	  f horizontal_meters = 4.000000;
	  f lod = 1.000000;
	  f near_plane = 0.100000;
		texture = Art\Bitmaps\Decals\b_d_for01-a.%img%;
	  f vertical_meters = 4.000000;
	}
	[t:decal,n:*]
	{
		decal_orientation = 1.000000,0.000000,0.000000,0.000000,0.743294,-0.668965,0.000000,0.668965,0.743294;
		decal_origin = -1.987593,-4.355133,-1.564984,0xBD8299CC;
	  f far_plane = 1.100000;
	  x guid = 0xEE31100E;
	  f horizontal_meters = 4.000000;
	  f lod = 1.000000;
	  f near_plane = 0.100000;
		texture = Art\Bitmaps\Decals\b_d_for01-a.%img%;
	  f vertical_meters = 4.000000;
	}
	[t:decal,n:*]
	{
		decal_orientation = 0.948683,-0.068346,-0.308754,0.000000,0.976365,-0.216128,0.316228,0.205037,0.926261;
		decal_origin = -1.224863,5.416435,0.542606,0xBD8299CC;
	  f far_plane = 1.100000;
	  x guid = 0x4FCD8124;
	  f horizontal_meters = 4.000000;
	  f lod = 1.000000;
	  f near_plane = 0.100000;
		texture = Art\Bitmaps\Decals\b_d_for01-a.%img%;
	  f vertical_meters = 4.000000;
	}
	[t:decal,n:*]
	{
		decal_orientation = 0.000000,-1.000000,0.000000,0.000000,0.000000,-1.000000,1.000000,0.000000,0.000000;
		decal_origin = -1.930024,1.000000,1.835982,0x05B69497;
	  f far_plane = 1.100000;
	  x guid = 0xA2D76EE1;
	  f horizontal_meters = 4.000000;
	  f lod = 1.000000;
	  f near_plane = 0.100000;
		texture = Art\Bitmaps\Decals\b_d_for01-a.%img%;
	  f vertical_meters = 4.000000;
	}
	[t:decal,n:*]
	{
		decal_orientation = 0.000000,-1.000000,0.000000,0.000000,0.000000,-1.000000,1.000000,0.000000,0.000000;
		decal_origin = -1.875032,1.000000,-0.042073,0x05B69497;
	  f far_plane = 1.100000;
	  x guid = 0xF454794C;
	  f horizontal_meters = 4.000000;
	  f lod = 1.000000;
	  f near_plane = 0.100000;
		texture = Art\Bitmaps\Decals\b_d_for01-a.%img%;
	  f vertical_meters = 4.000000;
	}
	[t:decal,n:*]
	{
		decal_orientation = 0.000000,-1.000000,0.000000,0.000000,0.000000,-1.000000,1.000000,0.000000,0.000000;
		decal_origin = -1.861142,1.000000,-1.892593,0x05B69497;
	  f far_plane = 1.100000;
	  x guid = 0x66A3330A;
	  f horizontal_meters = 4.000000;
	  f lod = 1.000000;
	  f near_plane = 0.100000;
		texture = Art\Bitmaps\Decals\b_d_for01-a.%img%;
	  f vertical_meters = 4.000000;
	}
	[t:decal,n:*]
	{
		decal_orientation = 0.000000,-1.000000,0.000000,0.000000,0.000000,-1.000000,1.000000,0.000000,0.000000;
		decal_origin = -0.039074,1.000000,-1.612137,0x05B69497;
	  f far_plane = 1.100000;
	  x guid = 0x7F76324B;
	  f horizontal_meters = 4.000000;
	  f lod = 1.000000;
	  f near_plane = 0.100000;
		texture = Art\Bitmaps\Decals\b_d_for01-a.%img%;
	  f vertical_meters = 4.000000;
	}
	[t:decal,n:*]
	{
		decal_orientation = 0.000000,-1.000000,0.000000,0.000000,0.000000,-1.000000,1.000000,0.000000,0.000000;
		decal_origin = -2.090091,3.000000,3.743532,0xC5768609;
	  f far_plane = 1.100000;
	  x guid = 0xF623DE66;
	  f horizontal_meters = 4.000000;
	  f lod = 1.000000;
	  f near_plane = 0.100000;
		texture = Art\Bitmaps\Decals\b_d_for01-a.%img%;
	  f vertical_meters = 4.000000;
	}
	[t:decal,n:*]
	{
		decal_orientation = 0.000000,-1.000000,0.000000,0.000000,0.000000,-1.000000,1.000000,0.000000,0.000000;
		decal_origin = -3.947237,3.000002,3.905977,0xC5768609;
	  f far_plane = 1.100000;
	  x guid = 0x10721DFC;
	  f horizontal_meters = 4.000000;
	  f lod = 1.000000;
	  f near_plane = 0.100000;
		texture = Art\Bitmaps\Decals\b_d_for01-a.%img%;
	  f vertical_meters = 4.000000;
	}
	[t:decal,n:*]
	{
		decal_orientation = 0.000000,-1.000000,0.000000,0.000000,0.000000,-1.000000,1.000000,0.000000,0.000000;
		decal_origin = -3.805329,3.000000,1.935264,0xC5768609;
	  f far_plane = 1.100000;
	  x guid = 0x1FBAD903;
	  f horizontal_meters = 4.000000;
	  f lod = 1.000000;
	  f near_plane = 0.100000;
		texture = Art\Bitmaps\Decals\b_d_for01-a.%img%;
	  f vertical_meters = 4.000000;
	}
	[t:decal,n:*]
	{
		decal_orientation = 0.000000,-1.000000,0.000000,0.000000,0.000000,-1.000000,1.000000,0.000000,0.000000;
		decal_origin = 2.000000,2.000000,0.000000,0x40EF190E;
	  f far_plane = 2.200000;
	  x guid = 0x2B0D8927;
	  f horizontal_meters = 8.000000;
	  f lod = 1.000000;
	  f near_plane = 0.100000;
		texture = Art\Bitmaps\Decals\b_d_jng01-a.%img%;
	  f vertical_meters = 8.000000;
	}
	[t:decal,n:*]
	{
		decal_orientation = 0.000000,-1.000000,0.000000,0.000000,0.000000,-1.000000,1.000000,0.000000,0.000000;
		decal_origin = 0.000000,2.000000,-2.000000,0xBF8C1448;
	  f far_plane = 2.200000;
	  x guid = 0xD2E0F85A;
	  f horizontal_meters = 8.000000;
	  f lod = 1.000000;
	  f near_plane = 0.100000;
		texture = Art\Bitmaps\Decals\b_d_jng01-a.%img%;
	  f vertical_meters = 8.000000;
	}
}
