[decals]
{
	[t:decal,n:*]
	{
		decal_orientation = 0.000000,-1.000000,0.000000,0.000000,0.000000,-1.000000,1.000000,0.000000,0.000000;
		decal_origin = 3.577840,1.000001,-0.817566,0x58D199E3;
	  f far_plane = 1.100000;
	  x guid = 0xB8256CE7;
	  f horizontal_meters = 4.000000;
	  f lod = 1.000000;
	  f near_plane = 0.100000;
		texture = Art\Bitmaps\Decals\b_d_grs01-a.%img%;
	  f vertical_meters = 4.000000;
	}
	[t:decal,n:*]
	{
		decal_orientation = 0.000000,-1.000000,0.000000,0.000000,0.000000,-1.000000,1.000000,0.000000,0.000000;
		decal_origin = 3.194146,1.000000,1.111362,0x58D199E3;
	  f far_plane = 1.100000;
	  x guid = 0x2011E8FF;
	  f horizontal_meters = 4.000000;
	  f lod = 1.000000;
	  f near_plane = 0.100000;
		texture = Art\Bitmaps\Decals\b_d_grs01-a.%img%;
	  f vertical_meters = 4.000000;
	}
	[t:decal,n:*]
	{
		decal_orientation = 0.000000,-1.000000,0.000000,0.000000,0.000000,-1.000000,1.000000,0.000000,0.000000;
		decal_origin = -3.380124,-0.750001,3.835925,0xA0097B95;
	  f far_plane = 1.100000;
	  x guid = 0x98657BAD;
	  f horizontal_meters = 4.000000;
	  f lod = 1.000000;
	  f near_plane = 0.100000;
		texture = Art\Bitmaps\Decals\b_d_grs01-a.%img%;
	  f vertical_meters = 4.000000;
	}
	[t:decal,n:*]
	{
		decal_orientation = 0.000000,-1.000000,0.000000,0.000000,0.000000,-1.000000,1.000000,0.000000,0.000000;
		decal_origin = 3.662621,-0.749999,3.880061,0xA0097B95;
	  f far_plane = 1.100000;
	  x guid = 0xC1709A90;
	  f horizontal_meters = 4.000000;
	  f lod = 1.000000;
	  f near_plane = 0.100000;
		texture = Art\Bitmaps\Decals\b_d_grs01-a.%img%;
	  f vertical_meters = 4.000000;
	}
	[t:decal,n:*]
	{
		decal_orientation = 0.000000,-1.000000,0.000000,0.000000,0.000000,-1.000000,1.000000,0.000000,0.000000;
		decal_origin = -1.068249,-0.750000,-3.653090,0xA0097B95;
	  f far_plane = 1.100000;
	  x guid = 0xF144556D;
	  f horizontal_meters = 4.000000;
	  f lod = 1.000000;
	  f near_plane = 0.100000;
		texture = Art\Bitmaps\Decals\b_d_grs01-a.%img%;
	  f vertical_meters = 4.000000;
	}
	[t:decal,n:*]
	{
		decal_orientation = 0.000000,-1.000000,0.000000,0.000000,0.000000,-1.000000,1.000000,0.000000,0.000000;
		decal_origin = -3.604666,-0.750000,-3.362352,0xA0097B95;
	  f far_plane = 1.100000;
	  x guid = 0x9D787FB5;
	  f horizontal_meters = 4.000000;
	  f lod = 1.000000;
	  f near_plane = 0.100000;
		texture = Art\Bitmaps\Decals\b_d_grs01-a.%img%;
	  f vertical_meters = 4.000000;
	}
	[t:decal,n:*]
	{
		decal_orientation = 0.000000,-1.000000,0.000000,0.000000,0.000000,-1.000000,1.000000,0.000000,0.000000;
		decal_origin = -1.733868,1.000000,-1.802965,0x26648AC6;
	  f far_plane = 1.100000;
	  x guid = 0xA05A533E;
	  f horizontal_meters = 4.000000;
	  f lod = 1.000000;
	  f near_plane = 0.100000;
		texture = Art\Bitmaps\Decals\b_d_grs01-a.%img%;
	  f vertical_meters = 4.000000;
	}
	[t:decal,n:*]
	{
		decal_orientation = 0.000000,-1.000000,0.000000,0.000000,0.000000,-1.000000,1.000000,0.000000,0.000000;
		decal_origin = 0.316154,1.000000,-1.668461,0x26648AC6;
	  f far_plane = 1.100000;
	  x guid = 0x013C8FDA;
	  f horizontal_meters = 4.000000;
	  f lod = 1.000000;
	  f near_plane = 0.100000;
		texture = Art\Bitmaps\Decals\b_d_grs01-a.%img%;
	  f vertical_meters = 4.000000;
	}
	[t:decal,n:*]
	{
		decal_orientation = 0.000000,-1.000000,0.000000,0.000000,0.000000,-1.000000,1.000000,0.000000,0.000000;
		decal_origin = 2.668732,1.000000,-1.824295,0x26648AC6;
	  f far_plane = 1.100000;
	  x guid = 0x48ACDD23;
	  f horizontal_meters = 4.000000;
	  f lod = 1.000000;
	  f near_plane = 0.100000;
		texture = Art\Bitmaps\Decals\b_d_grs01-a.%img%;
	  f vertical_meters = 4.000000;
	}
	[t:decal,n:*]
	{
		decal_orientation = 0.014650,0.777825,0.628311,0.000000,0.628378,-0.777908,-0.999893,0.011397,0.009206;
		decal_origin = -1.715098,2.579461,2.307826,0xFC7EDFBD;
	  f far_plane = 1.100000;
	  x guid = 0xE9EF46F2;
	  f horizontal_meters = 4.000000;
	  f lod = 1.000000;
	  f near_plane = 0.100000;
		texture = Art\Bitmaps\Decals\b_d_grs01-a.%img%;
	  f vertical_meters = 4.000000;
	}
	[t:decal,n:*]
	{
		decal_orientation = 0.046105,0.779714,0.624435,0.000000,0.625100,-0.780545,-0.998937,0.035987,0.028820;
		decal_origin = -3.236918,1.317576,2.057183,0xFC7EDFBD;
	  f far_plane = 1.100000;
	  x guid = 0x23B1A480;
	  f horizontal_meters = 4.000000;
	  f lod = 1.000000;
	  f near_plane = 0.100000;
		texture = Art\Bitmaps\Decals\b_d_grs01-a.%img%;
	  f vertical_meters = 4.000000;
	}
	[t:decal,n:*]
	{
		decal_orientation = -0.046105,0.779714,0.624435,0.000000,0.625100,-0.780545,-0.998937,-0.035987,-0.028820;
		decal_origin = -3.079422,1.367404,0.005908,0xFC7EDFBD;
	  f far_plane = 1.100000;
	  x guid = 0xE44B0D1C;
	  f horizontal_meters = 4.000000;
	  f lod = 1.000000;
	  f near_plane = 0.100000;
		texture = Art\Bitmaps\Decals\b_d_grs01-a.%img%;
	  f vertical_meters = 4.000000;
	}
	[t:decal,n:*]
	{
		decal_orientation = -0.046105,0.779714,0.624435,0.000000,0.625100,-0.780545,-0.998937,-0.035987,-0.028820;
		decal_origin = -3.151878,1.387647,-2.112236,0xFC7EDFBD;
	  f far_plane = 1.100000;
	  x guid = 0x0389EA54;
	  f horizontal_meters = 4.000000;
	  f lod = 1.000000;
	  f near_plane = 0.100000;
		texture = Art\Bitmaps\Decals\b_d_grs01-a.%img%;
	  f vertical_meters = 4.000000;
	}
	[t:decal,n:*]
	{
		decal_orientation = 0.053768,-0.779299,-0.624342,0.000000,0.625246,-0.780428,0.998553,0.041962,0.033618;
		decal_origin = 1.655551,2.685156,2.280761,0xFC7EDFBD;
	  f far_plane = 1.100000;
	  x guid = 0xE8F36FF5;
	  f horizontal_meters = 4.000000;
	  f lod = 1.000000;
	  f near_plane = 0.100000;
		texture = Art\Bitmaps\Decals\b_d_grs01-a.%img%;
	  f vertical_meters = 4.000000;
	}
	[t:decal,n:*]
	{
		decal_orientation = -0.053768,-0.779299,-0.624342,0.000000,0.625246,-0.780428,0.998553,-0.041962,-0.033618;
		decal_origin = 1.852406,2.524042,-2.196486,0xFC7EDFBD;
	  f far_plane = 1.100000;
	  x guid = 0x00A88DAF;
	  f horizontal_meters = 4.000000;
	  f lod = 1.000000;
	  f near_plane = 0.100000;
		texture = Art\Bitmaps\Decals\b_d_grs01-a.%img%;
	  f vertical_meters = 4.000000;
	}
	[t:decal,n:*]
	{
		decal_orientation = -0.053768,-0.779299,-0.624342,0.000000,0.625246,-0.780428,0.998553,-0.041962,-0.033618;
		decal_origin = 3.119086,1.508246,-2.139603,0xFC7EDFBD;
	  f far_plane = 1.100000;
	  x guid = 0x276D10FE;
	  f horizontal_meters = 4.000000;
	  f lod = 1.000000;
	  f near_plane = 0.100000;
		texture = Art\Bitmaps\Decals\b_d_grs01-a.%img%;
	  f vertical_meters = 4.000000;
	}
	[t:decal,n:*]
	{
		decal_orientation = -0.053768,-0.779299,-0.624342,0.000000,0.625246,-0.780428,0.998553,-0.041962,-0.033618;
		decal_origin = 2.969727,1.545360,-0.227346,0xFC7EDFBD;
	  f far_plane = 1.100000;
	  x guid = 0xC34FACC1;
	  f horizontal_meters = 4.000000;
	  f lod = 1.000000;
	  f near_plane = 0.100000;
		texture = Art\Bitmaps\Decals\b_d_grs01-a.%img%;
	  f vertical_meters = 4.000000;
	}
	[t:decal,n:*]
	{
		decal_orientation = 0.053768,-0.779299,-0.624342,0.000000,0.625246,-0.780428,0.998553,0.041962,0.033618;
		decal_origin = 2.993776,1.602453,1.999330,0xFC7EDFBD;
	  f far_plane = 1.100000;
	  x guid = 0x3CD76F07;
	  f horizontal_meters = 4.000000;
	  f lod = 1.000000;
	  f near_plane = 0.100000;
		texture = Art\Bitmaps\Decals\b_d_grs01-a.%img%;
	  f vertical_meters = 4.000000;
	}
	[t:decal,n:*]
	{
		decal_orientation = 0.014650,0.777825,0.628311,0.000000,0.628378,-0.777908,-0.999893,0.011397,0.009206;
		decal_origin = -0.949807,3.200414,2.547276,0xFC7EDFBD;
	  f far_plane = 1.100000;
	  x guid = 0xCF527C6C;
	  f horizontal_meters = 4.000000;
	  f lod = 1.000000;
	  f near_plane = 0.100000;
		texture = Art\Bitmaps\Decals\b_d_grs01-a.%img%;
	  f vertical_meters = 4.000000;
	}
	[t:decal,n:*]
	{
		decal_orientation = 0.146808,-0.804229,-0.575902,0.000000,0.582210,-0.813038,0.989165,0.119361,0.085473;
		decal_origin = 1.397493,2.717701,0.599792,0xFC7EDFBD;
	  f far_plane = 1.100000;
	  x guid = 0x347C1653;
	  f horizontal_meters = 4.000000;
	  f lod = 1.000000;
	  f near_plane = 0.100000;
		texture = Art\Bitmaps\Decals\b_d_jng01-a.%img%;
	  f vertical_meters = 4.000000;
	}
	[t:decal,n:*]
	{
		decal_orientation = -0.146808,-0.804229,-0.575902,0.000000,0.582210,-0.813038,0.989165,-0.119361,-0.085473;
		decal_origin = 1.385870,2.806291,-1.364153,0xFC7EDFBD;
	  f far_plane = 1.100000;
	  x guid = 0x842F2A0A;
	  f horizontal_meters = 4.000000;
	  f lod = 1.000000;
	  f near_plane = 0.100000;
		texture = Art\Bitmaps\Decals\b_d_jng01-a.%img%;
	  f vertical_meters = 4.000000;
	}
	[t:decal,n:*]
	{
		decal_orientation = -0.014650,0.777825,0.628311,0.000000,0.628378,-0.777908,-0.999893,-0.011397,-0.009206;
		decal_origin = -1.760581,2.536504,-1.782087,0xFC7EDFBD;
	  f far_plane = 1.100000;
	  x guid = 0x13B04C94;
	  f horizontal_meters = 4.000000;
	  f lod = 1.000000;
	  f near_plane = 0.100000;
		texture = Art\Bitmaps\Decals\b_d_grs01-a.%img%;
	  f vertical_meters = 4.000000;
	}
	[t:decal,n:*]
	{
		decal_orientation = -0.014650,0.777825,0.628311,0.000000,0.628378,-0.777908,-0.999893,-0.011397,-0.009206;
		decal_origin = -1.293567,2.905663,-1.102226,0xFC7EDFBD;
	  f far_plane = 1.100000;
	  x guid = 0xA01791FE;
	  f horizontal_meters = 4.000000;
	  f lod = 1.000000;
	  f near_plane = 0.100000;
		texture = Art\Bitmaps\Decals\b_d_jng01-a.%img%;
	  f vertical_meters = 4.000000;
	}
	[t:decal,n:*]
	{
		decal_orientation = 0.050614,0.760553,0.647300,0.000000,0.648131,-0.761529,-0.998718,0.038544,0.032804;
		decal_origin = -1.863843,2.429460,0.883976,0xFC7EDFBD;
	  f far_plane = 1.100000;
	  x guid = 0x14E2996C;
	  f horizontal_meters = 4.000000;
	  f lod = 1.000000;
	  f near_plane = 0.100000;
		texture = Art\Bitmaps\Decals\b_d_jng01-a.%img%;
	  f vertical_meters = 4.000000;
	}
	[t:decal,n:*]
	{
		decal_orientation = 0.000000,-1.000000,0.000000,0.000000,0.000000,-1.000000,1.000000,0.000000,0.000000;
		decal_origin = -1.741534,1.000000,0.330095,0xADF93EDB;
	  f far_plane = 1.100000;
	  x guid = 0xE470BCFF;
	  f horizontal_meters = 4.000000;
	  f lod = 1.000000;
	  f near_plane = 0.100000;
		texture = Art\Bitmaps\Decals\b_d_grs01-a.%img%;
	  f vertical_meters = 4.000000;
	}
	[t:decal,n:*]
	{
		decal_orientation = 0.000000,-1.000000,0.000000,0.000000,0.000000,-1.000000,1.000000,0.000000,0.000000;
		decal_origin = 3.117913,0.999999,-1.741662,0xADCF134A;
	  f far_plane = 1.100000;
	  x guid = 0x355F7E56;
	  f horizontal_meters = 4.000000;
	  f lod = 1.000000;
	  f near_plane = 0.100000;
		texture = Art\Bitmaps\Decals\b_d_grs01-a.%img%;
	  f vertical_meters = 4.000000;
	}
	[t:decal,n:*]
	{
		decal_orientation = 0.000000,-1.000000,0.000000,0.000000,0.000000,-1.000000,1.000000,0.000000,0.000000;
		decal_origin = 1.545291,0.999998,1.984638,0xE0D2E840;
	  f far_plane = 1.100000;
	  x guid = 0xC7AF81AF;
	  f horizontal_meters = 4.000000;
	  f lod = 1.000000;
	  f near_plane = 0.100000;
		texture = Art\Bitmaps\Decals\b_d_grs01-a.%img%;
	  f vertical_meters = 4.000000;
	}
	[t:decal,n:*]
	{
		decal_orientation = 0.000000,-1.000000,0.000000,0.000000,0.000000,-1.000000,1.000000,0.000000,0.000000;
		decal_origin = -0.808247,1.000000,1.982004,0xE0D2E840;
	  f far_plane = 1.100000;
	  x guid = 0x5D070A0E;
	  f horizontal_meters = 4.000000;
	  f lod = 1.000000;
	  f near_plane = 0.100000;
		texture = Art\Bitmaps\Decals\b_d_grs01-a.%img%;
	  f vertical_meters = 4.000000;
	}
	[t:decal,n:*]
	{
		decal_orientation = 0.000000,-1.000000,0.000000,0.000000,0.000000,-1.000000,1.000000,0.000000,0.000000;
		decal_origin = -2.583183,1.000000,1.853494,0xE0D2E840;
	  f far_plane = 1.100000;
	  x guid = 0x16006903;
	  f horizontal_meters = 4.000000;
	  f lod = 1.000000;
	  f near_plane = 0.100000;
		texture = Art\Bitmaps\Decals\b_d_grs01-a.%img%;
	  f vertical_meters = 4.000000;
	}
	[t:decal,n:*]
	{
		decal_orientation = 0.000000,0.000000,0.000000,0.000000,0.000000,0.000000,0.000000,0.000000,0.000000;
		decal_origin = 0.808755,-15.492678,-7.852988,0x359392E7;
	  f far_plane = 2.100000;
	  x guid = 0x86BECA66;
	  f horizontal_meters = 3.909091;
	  f lod = 1.000000;
	  f near_plane = 0.100000;
		texture = Art\Bitmaps\Decals\b_d_for01-a.%img%;
	  f vertical_meters = 3.909091;
	}
	[t:decal,n:*]
	{
		decal_orientation = 0.000000,0.000000,0.000000,0.000000,0.000000,0.000000,0.000000,0.000000,0.000000;
		decal_origin = 1.792984,2.887541,-1.721708,0xDA82B412;
	  f far_plane = 2.100000;
	  x guid = 0xBB951294;
	  f horizontal_meters = 3.909091;
	  f lod = 1.000000;
	  f near_plane = 0.100000;
		texture = Art\Bitmaps\Decals\b_d_for01-a.%img%;
	  f vertical_meters = 3.909091;
	}
	[t:decal,n:*]
	{
		decal_orientation = 0.000000,0.000000,0.000000,0.000000,0.000000,0.000000,0.000000,0.000000,0.000000;
		decal_origin = -3.599373,2.887541,3.512749,0x76277C93;
	  f far_plane = 2.100000;
	  x guid = 0xBB951294;
	  f horizontal_meters = 3.909091;
	  f lod = 1.000000;
	  f near_plane = 0.100000;
		texture = Art\Bitmaps\Decals\b_d_for01-a.%img%;
	  f vertical_meters = 3.909091;
	}
	[t:decal,n:*]
	{
		decal_orientation = 0.000000,0.000000,0.000000,0.000000,0.000000,0.000000,0.000000,0.000000,0.000000;
		decal_origin = -1.917595,1.964795,-1.050194,0x9F334868;
	  f far_plane = 1.100000;
	  x guid = 0xC2B6D71A;
	  f horizontal_meters = 1.000000;
	  f lod = 1.000000;
	  f near_plane = 0.100000;
		texture = Art\Bitmaps\Decals\b_d_for01-a.%img%;
	  f vertical_meters = 1.000000;
	}
	[t:decal,n:*]
	{
		decal_orientation = 0.000000,0.000000,0.000000,0.000000,0.000000,0.000000,0.000000,0.000000,0.000000;
		decal_origin = -1.981308,1.964795,-0.813114,0x9F334868;
	  f far_plane = 1.100000;
	  x guid = 0xC2B6D71A;
	  f horizontal_meters = 1.000000;
	  f lod = 1.000000;
	  f near_plane = 0.100000;
		texture = Art\Bitmaps\Decals\b_d_for01-a.%img%;
	  f vertical_meters = 1.000000;
	}
	[t:decal,n:*]
	{
		decal_orientation = 0.000000,-1.000000,0.000000,0.000000,0.000000,-1.000000,1.000000,0.000000,0.000000;
		decal_origin = -0.462113,0.008088,-3.931830,0x83C260FE;
	  f far_plane = 1.100000;
	  x guid = 0x78583F3B;
	  f horizontal_meters = 3.000000;
	  f lod = 1.000000;
	  f near_plane = 0.100000;
		texture = Art\Bitmaps\Decals\b_d_dirt-a.%img%;
	  f vertical_meters = 3.000000;
	}
	[t:decal,n:*]
	{
		decal_orientation = 0.000000,0.894427,0.447214,0.000000,0.447214,-0.894427,-1.000000,0.000000,0.000000;
		decal_origin = -0.937067,0.584274,1.415650,0x8B756E0D;
	  f far_plane = 1.100000;
	  x guid = 0xA13059D1;
	  f horizontal_meters = 3.000000;
	  f lod = 1.000000;
	  f near_plane = 0.100000;
		texture = Art\Bitmaps\Decals\b_d_dirt-a.%img%;
	  f vertical_meters = 3.000000;
	}
	[t:decal,n:*]
	{
		decal_orientation = 0.000000,-1.000000,0.000000,0.000000,0.000000,-1.000000,1.000000,0.000000,0.000000;
		decal_origin = -0.465465,1.713486,3.665596,0xAC137195;
	  f far_plane = 1.100000;
	  x guid = 0xE54121F3;
	  f horizontal_meters = 3.000000;
	  f lod = 1.000000;
	  f near_plane = 0.100000;
		texture = Art\Bitmaps\Decals\b_d_dirt-a.%img%;
	  f vertical_meters = 3.000000;
	}
	[t:decal,n:*]
	{
		decal_orientation = 0.000000,0.000000,0.000000,0.000000,0.000000,0.000000,0.000000,0.000000,0.000000;
		decal_origin = 2.660843,2.999998,0.742607,0xB1737213;
	  f far_plane = 1.100000;
	  x guid = 0xDC57835A;
	  f horizontal_meters = 1.000000;
	  f lod = 1.000000;
	  f near_plane = 0.100000;
		texture = Art\Bitmaps\Decals\b_d_for01-a.%img%;
	  f vertical_meters = 1.000000;
	}
	[t:decal,n:*]
	{
		decal_orientation = 0.000000,-1.000000,0.000000,0.000000,0.000000,-1.000000,1.000000,0.000000,0.000000;
		decal_origin = 3.061027,-0.991999,-1.969565,0x8E179A1E;
	  f far_plane = 1.100000;
	  x guid = 0x6E6E40EA;
	  f horizontal_meters = 3.000000;
	  f lod = 1.000000;
	  f near_plane = 0.100000;
		texture = Art\Bitmaps\Decals\b_d_dirt-a.%img%;
	  f vertical_meters = 3.000000;
	}
	[t:decal,n:*]
	{
		decal_orientation = -0.707107,-0.707107,0.000000,0.000000,0.000000,-1.000000,0.707107,-0.707107,0.000000;
		decal_origin = -0.242232,-0.991997,-3.646849,0x5ECE8E8A;
	  f far_plane = 1.100000;
	  x guid = 0x328E275F;
	  f horizontal_meters = 3.000000;
	  f lod = 1.000000;
	  f near_plane = 0.100000;
		texture = Art\Bitmaps\Decals\b_d_dirt-a.%img%;
	  f vertical_meters = 3.000000;
	}
	[t:decal,n:*]
	{
		decal_orientation = 0.000000,-1.000000,0.000000,0.000000,0.000000,-1.000000,1.000000,0.000000,0.000000;
		decal_origin = -2.735316,1.000001,0.830342,0x33DB6881;
	  f far_plane = 1.100000;
	  x guid = 0xFDBB0ACB;
	  f horizontal_meters = 3.000000;
	  f lod = 1.000000;
	  f near_plane = 0.100000;
		texture = Art\Bitmaps\Decals\b_d_dirt-a.%img%;
	  f vertical_meters = 3.000000;
	}
	[t:decal,n:*]
	{
		decal_orientation = 0.000000,0.000000,0.000000,0.000000,0.000000,0.000000,0.000000,0.000000,0.000000;
		decal_origin = -7.384636,-12.746228,-34.514114,0x396FEBE4;
	  f far_plane = 2.100000;
	  x guid = 0xEDB1AB41;
	  f horizontal_meters = 3.644628;
	  f lod = 1.000000;
	  f near_plane = 0.100000;
		texture = Art\Bitmaps\Decals\b_d_seaweed-02.%img%;
	  f vertical_meters = 3.644628;
	}
	[t:decal,n:*]
	{
		decal_orientation = 0.000000,0.000000,0.000000,0.000000,0.000000,0.000000,0.000000,0.000000,0.000000;
		decal_origin = -6.412963,-12.746228,-34.631081,0x396FEBE4;
	  f far_plane = 2.100000;
	  x guid = 0xEDB1AB41;
	  f horizontal_meters = 3.644628;
	  f lod = 1.000000;
	  f near_plane = 0.100000;
		texture = Art\Bitmaps\Decals\b_d_seaweed-02.%img%;
	  f vertical_meters = 3.644628;
	}
	[t:decal,n:*]
	{
		decal_orientation = 0.000000,-1.000000,0.000000,0.000000,0.000000,-1.000000,1.000000,0.000000,0.000000;
		decal_origin = -6.781744,-12.746228,-34.547337,0x396FEBE4;
	  f far_plane = 2.100000;
	  x guid = 0xEDB1AB41;
	  f horizontal_meters = 3.644628;
	  f lod = 1.000000;
	  f near_plane = 0.100000;
		texture = Art\Bitmaps\Decals\b_d_seaweed-02.%img%;
	  f vertical_meters = 3.644628;
	}
}
