[decals]
{
	[t:decal,n:*]
	{
		decal_orientation = 0.000000,-1.000000,0.000000,0.000000,0.000000,-1.000000,1.000000,0.000000,0.000000;
		decal_origin = 0.678775,8.999999,-1.951403,0xD84089C4;
	  f far_plane = 1.100000;
	  x guid = 0x45C9A50C;
	  f horizontal_meters = 4.000000;
	  f lod = 0.000000;
	  f near_plane = 0.100000;
		texture = Art\Bitmaps\Decals\b_d_sr02-a.%img%;
	  f vertical_meters = 4.000000;
	}
	[t:decal,n:*]
	{
		decal_orientation = -1.000000,0.000000,0.000000,0.000000,0.253359,-0.967372,0.000000,-0.967372,-0.253359;
		decal_origin = -0.927384,3.070200,8.051653,0x8D52D6A3;
	  f far_plane = 1.100000;
	  x guid = 0xDE125671;
	  f horizontal_meters = 4.000000;
	  f lod = 0.000000;
	  f near_plane = 0.100000;
		texture = Art\Bitmaps\Decals\b_d_sr02-a.%img%;
	  f vertical_meters = 4.000000;
	}
	[t:decal,n:*]
	{
		decal_orientation = -1.000000,0.000000,0.000000,0.000000,0.292218,-0.956352,0.000000,-0.956352,-0.292218;
		decal_origin = 0.645805,2.723086,6.073816,0xCF96DAF9;
	  f far_plane = 1.100000;
	  x guid = 0x75D9E8CD;
	  f horizontal_meters = 4.000000;
	  f lod = 0.000000;
	  f near_plane = 0.100000;
		texture = Art\Bitmaps\Decals\b_d_sr02-a.%img%;
	  f vertical_meters = 4.000000;
	}
	[t:decal,n:*]
	{
		decal_orientation = 0.000000,-1.000000,0.000000,0.000000,0.000000,-1.000000,1.000000,0.000000,0.000000;
		decal_origin = -0.817271,9.000000,-1.662397,0x0D5EED40;
	  f far_plane = 1.100000;
	  x guid = 0xDC0245EC;
	  f horizontal_meters = 4.000000;
	  f lod = 0.000000;
	  f near_plane = 0.100000;
		texture = Art\Bitmaps\Decals\b_d_sr02-a.%img%;
	  f vertical_meters = 4.000000;
	}
	[t:decal,n:*]
	{
		decal_orientation = 0.000000,-1.000000,0.000000,0.000000,0.000000,-1.000000,1.000000,0.000000,0.000000;
		decal_origin = -1.016962,9.000000,-1.431968,0xA6C11FD3;
	  f far_plane = 1.100000;
	  x guid = 0xAFAEE804;
	  f horizontal_meters = 4.000000;
	  f lod = 0.000000;
	  f near_plane = 0.100000;
		texture = Art\Bitmaps\Decals\b_d_sr02-a.%img%;
	  f vertical_meters = 4.000000;
	}
	[t:decal,n:*]
	{
		decal_orientation = -1.000000,0.000000,0.000000,0.000000,0.267644,-0.963518,0.000000,-0.963518,-0.267644;
		decal_origin = 0.920682,2.878917,4.212204,0xF44B8901;
	  f far_plane = 1.100000;
	  x guid = 0x2B457B3D;
	  f horizontal_meters = 4.000000;
	  f lod = 0.000000;
	  f near_plane = 0.100000;
		texture = Art\Bitmaps\Decals\b_d_sr02-a.%img%;
	  f vertical_meters = 4.000000;
	}
	[t:decal,n:*]
	{
		decal_orientation = 0.000000,-1.000000,0.000000,0.000000,0.000000,-1.000000,1.000000,0.000000,0.000000;
		decal_origin = 0.658734,9.000000,-1.974761,0xB440166F;
	  f far_plane = 1.100000;
	  x guid = 0xEC9367B2;
	  f horizontal_meters = 4.000000;
	  f lod = 0.000000;
	  f near_plane = 0.100000;
		texture = Art\Bitmaps\Decals\b_d_sr02-a.%img%;
	  f vertical_meters = 4.000000;
	}
	[t:decal,n:*]
	{
		decal_orientation = 0.000000,-1.000000,0.000000,0.000000,0.000000,-1.000000,1.000000,0.000000,0.000000;
		decal_origin = -0.824782,9.000000,-1.449143,0xB440166F;
	  f far_plane = 1.100000;
	  x guid = 0xC0796EA8;
	  f horizontal_meters = 4.000000;
	  f lod = 0.000000;
	  f near_plane = 0.100000;
		texture = Art\Bitmaps\Decals\b_d_sr02-a.%img%;
	  f vertical_meters = 4.000000;
	}
	[t:decal,n:*]
	{
		decal_orientation = 0.000000,-1.000000,0.000000,0.000000,0.000000,-1.000000,1.000000,0.000000,0.000000;
		decal_origin = 0.848893,9.000000,-1.913309,0x5AA42792;
	  f far_plane = 1.100000;
	  x guid = 0x07111CA1;
	  f horizontal_meters = 4.000000;
	  f lod = 0.000000;
	  f near_plane = 0.100000;
		texture = Art\Bitmaps\Decals\b_d_sr02-a.%img%;
	  f vertical_meters = 4.000000;
	}
	[t:decal,n:*]
	{
		decal_orientation = -1.000000,0.000000,0.000000,0.000000,0.292218,-0.956352,0.000000,-0.956352,-0.292218;
		decal_origin = -0.665466,2.662160,6.273210,0x16FB0AFB;
	  f far_plane = 1.100000;
	  x guid = 0xDFA43DD2;
	  f horizontal_meters = 4.000000;
	  f lod = 0.000000;
	  f near_plane = 0.100000;
		texture = Art\Bitmaps\Decals\b_d_sr02-a.%img%;
	  f vertical_meters = 4.000000;
	}
}
