[decals]
{
	[t:decal,n:*]
	{
		decal_orientation = 1.000000,0.000000,0.000000,0.000000,0.274721,-0.961524,0.000000,0.961524,0.274721;
		decal_origin = 2.593000,12.863008,3.636497,0xEE4214C4;
	  f far_plane = 1.100000;
	  x guid = 0xFA0996EC;
	  f horizontal_meters = 4.000000;
	  f lod = 1.000000;
	  f near_plane = 0.100000;
		texture = Art\Bitmaps\Decals\b_d_swp-a.%img%;
	  f vertical_meters = 4.000000;
	}
	[t:decal,n:*]
	{
		decal_orientation = 1.000000,0.000000,0.000000,0.000000,0.274721,-0.961524,0.000000,0.961524,0.274721;
		decal_origin = 1.077628,12.865137,3.584686,0xEE4214C4;
	  f far_plane = 1.100000;
	  x guid = 0x7CB7B0B7;
	  f horizontal_meters = 4.000000;
	  f lod = 1.000000;
	  f near_plane = 0.100000;
		texture = Art\Bitmaps\Decals\b_d_swp-a.%img%;
	  f vertical_meters = 4.000000;
	}
	[t:decal,n:*]
	{
		decal_orientation = 0.000000,-0.998053,-0.062378,0.000000,0.062378,-0.998053,1.000000,0.000000,0.000000;
		decal_origin = -1.875480,6.944168,1.557593,0xAAF4E135;
	  f far_plane = 1.100000;
	  x guid = 0x4E8E8A06;
	  f horizontal_meters = 4.000000;
	  f lod = 1.000000;
	  f near_plane = 0.100000;
		texture = Art\Bitmaps\Decals\b_d_swp-a.%img%;
	  f vertical_meters = 4.000000;
	}
	[t:decal,n:*]
	{
		decal_orientation = -1.000000,0.000000,0.000000,0.000000,0.316228,-0.948683,0.000000,-0.948683,-0.316228;
		decal_origin = 0.158607,6.908403,2.287069,0xAAF4E135;
	  f far_plane = 1.100000;
	  x guid = 0x2B8E7ABF;
	  f horizontal_meters = 4.000000;
	  f lod = 1.000000;
	  f near_plane = 0.100000;
		texture = Art\Bitmaps\Decals\b_d_swp-a.%img%;
	  f vertical_meters = 4.000000;
	}
	[t:decal,n:*]
	{
		decal_orientation = 1.000000,0.000000,0.000000,0.000000,0.062378,-0.998053,0.000000,0.998053,0.062378;
		decal_origin = -0.521579,6.907410,1.287325,0xAAF4E135;
	  f far_plane = 1.100000;
	  x guid = 0x5E09C9FC;
	  f horizontal_meters = 4.000000;
	  f lod = 1.000000;
	  f near_plane = 0.100000;
		texture = Art\Bitmaps\Decals\b_d_swp-a.%img%;
	  f vertical_meters = 4.000000;
	}
	[t:decal,n:*]
	{
		decal_orientation = 0.707107,-0.707107,0.000000,0.000000,0.000000,-1.000000,0.707107,0.707107,0.000000;
		decal_origin = -2.104206,1.000001,0.055460,0xB204902D;
	  f far_plane = 1.100000;
	  x guid = 0x4FD3C5C5;
	  f horizontal_meters = 4.000000;
	  f lod = 1.000000;
	  f near_plane = 0.100000;
		texture = Art\Bitmaps\Decals\b_d_swp-a.%img%;
	  f vertical_meters = 4.000000;
	}
	[t:decal,n:*]
	{
		decal_orientation = 0.000000,-1.000000,0.000000,0.000000,0.000000,-1.000000,1.000000,0.000000,0.000000;
		decal_origin = 0.369228,1.000000,-2.540952,0xB204902D;
	  f far_plane = 1.100000;
	  x guid = 0x173BA7FC;
	  f horizontal_meters = 4.000000;
	  f lod = 1.000000;
	  f near_plane = 0.100000;
		texture = Art\Bitmaps\Decals\b_d_swp-a.%img%;
	  f vertical_meters = 4.000000;
	}
	[t:decal,n:*]
	{
		decal_orientation = 0.381486,0.917257,0.114496,0.000000,0.123863,-0.992299,-0.924375,0.378548,0.047252;
		decal_origin = 1.129669,-4.910984,2.019105,0x13351E90;
	  f far_plane = 1.100000;
	  x guid = 0xA67FEAAD;
	  f horizontal_meters = 4.000000;
	  f lod = 1.000000;
	  f near_plane = 0.100000;
		texture = Art\Bitmaps\Decals\b_d_swp-a.%img%;
	  f vertical_meters = 4.000000;
	}
	[t:decal,n:*]
	{
		decal_orientation = -0.115877,-0.989367,-0.087889,0.000000,0.088485,-0.996077,0.993264,-0.115423,-0.010253;
		decal_origin = -0.176515,-4.982611,2.206274,0x13351E90;
	  f far_plane = 1.100000;
	  x guid = 0xB2350CDE;
	  f horizontal_meters = 4.000000;
	  f lod = 1.000000;
	  f near_plane = 0.100000;
		texture = Art\Bitmaps\Decals\b_d_swp-a.%img%;
	  f vertical_meters = 4.000000;
	}
	[t:decal,n:*]
	{
		decal_orientation = 0.000000,-1.000000,0.000000,0.000000,0.000000,-1.000000,1.000000,0.000000,0.000000;
		decal_origin = -0.716971,-4.999999,5.104992,0x13351E90;
	  f far_plane = 1.100000;
	  x guid = 0x8623ED29;
	  f horizontal_meters = 4.000000;
	  f lod = 1.000000;
	  f near_plane = 0.100000;
		texture = Art\Bitmaps\Decals\b_d_swp-a.%img%;
	  f vertical_meters = 4.000000;
	}
	[t:decal,n:*]
	{
		decal_orientation = -0.430731,-0.896991,-0.099392,0.000000,0.110132,-0.993917,0.902481,-0.428111,-0.047437;
		decal_origin = -1.487096,-4.911774,3.871717,0x13351E90;
	  f far_plane = 1.100000;
	  x guid = 0x43550FC6;
	  f horizontal_meters = 4.000000;
	  f lod = 1.000000;
	  f near_plane = 0.100000;
		texture = Art\Bitmaps\Decals\b_d_swp-a.%img%;
	  f vertical_meters = 4.000000;
	}
	[t:decal,n:*]
	{
		decal_orientation = -0.897257,0.440370,0.031687,0.000000,0.071769,-0.997421,-0.441508,-0.894943,-0.064396;
		decal_origin = 1.102551,-4.933670,4.285139,0x13351E90;
	  f far_plane = 1.100000;
	  x guid = 0xD926FF1D;
	  f horizontal_meters = 4.000000;
	  f lod = 1.000000;
	  f near_plane = 0.100000;
		texture = Art\Bitmaps\Decals\b_d_swp-a.%img%;
	  f vertical_meters = 4.000000;
	}
	[t:decal,n:*]
	{
		decal_orientation = 0.000000,-1.000000,0.000000,0.000000,0.000000,-1.000000,1.000000,0.000000,0.000000;
		decal_origin = 3.309772,1.000000,1.382403,0xF48C67A7;
	  f far_plane = 1.100000;
	  x guid = 0xE3D2D64E;
	  f horizontal_meters = 4.000000;
	  f lod = 1.000000;
	  f near_plane = 0.100000;
		texture = Art\Bitmaps\Decals\b_d_swp-a.%img%;
	  f vertical_meters = 4.000000;
	}
	[t:decal,n:*]
	{
		decal_orientation = 0.000000,-0.998053,-0.062378,0.000000,0.062378,-0.998053,1.000000,0.000000,0.000000;
		decal_origin = -1.792958,6.939013,1.781370,0x9203B141;
	  f far_plane = 1.100000;
	  x guid = 0xBD6C5B81;
	  f horizontal_meters = 4.000000;
	  f lod = 1.000000;
	  f near_plane = 0.100000;
		texture = Art\Bitmaps\Decals\b_d_swp-a.%img%;
	  f vertical_meters = 4.000000;
	}
	[t:decal,n:*]
	{
		decal_orientation = 0.000000,-1.000000,0.000000,0.000000,0.000000,-1.000000,1.000000,0.000000,0.000000;
		decal_origin = 2.531260,1.000000,1.353325,0x2DE66656;
	  f far_plane = 1.100000;
	  x guid = 0x85678FD7;
	  f horizontal_meters = 4.000000;
	  f lod = 1.000000;
	  f near_plane = 0.100000;
		texture = Art\Bitmaps\Decals\b_d_swp-a.%img%;
	  f vertical_meters = 4.000000;
	}
	[t:decal,n:*]
	{
		decal_orientation = 0.000000,-1.000000,0.000000,0.000000,0.000000,-1.000000,1.000000,0.000000,0.000000;
		decal_origin = -6.521224,9.049999,1.870989,0x62734800;
	  f far_plane = 1.100000;
	  x guid = 0x7290BEAA;
	  f horizontal_meters = 4.000000;
	  f lod = 1.000000;
	  f near_plane = 0.100000;
		texture = Art\Bitmaps\Decals\b_d_swp-a.%img%;
	  f vertical_meters = 4.000000;
	}
	[t:decal,n:*]
	{
		decal_orientation = -0.037012,-0.995858,-0.083045,0.000000,0.083102,-0.996541,0.999315,-0.036884,-0.003076;
		decal_origin = -1.683243,-4.847670,1.917023,0xA915A750;
	  f far_plane = 1.100000;
	  x guid = 0x9A1F803F;
	  f horizontal_meters = 4.000000;
	  f lod = 1.000000;
	  f near_plane = 0.100000;
		texture = Art\Bitmaps\Decals\b_d_swp-a.%img%;
	  f vertical_meters = 4.000000;
	}
	[t:decal,n:*]
	{
		decal_orientation = 0.000000,-1.000000,0.000000,0.000000,0.000000,-1.000000,1.000000,0.000000,0.000000;
		decal_origin = 0.261528,7.000000,1.909829,0xB6C9BD5B;
	  f far_plane = 1.100000;
	  x guid = 0x8F572C73;
	  f horizontal_meters = 4.000000;
	  f lod = 1.000000;
	  f near_plane = 0.100000;
		texture = Art\Bitmaps\Decals\b_d_swp-a.%img%;
	  f vertical_meters = 4.000000;
	}
	[t:decal,n:*]
	{
		decal_orientation = -0.115877,-0.989367,-0.087889,0.000000,0.088485,-0.996077,0.993264,-0.115423,-0.010253;
		decal_origin = -0.093660,-4.988728,2.090423,0x9413BAFC;
	  f far_plane = 1.100000;
	  x guid = 0x1829E9D7;
	  f horizontal_meters = 4.000000;
	  f lod = 1.000000;
	  f near_plane = 0.100000;
		texture = Art\Bitmaps\Decals\b_d_swp-a.%img%;
	  f vertical_meters = 4.000000;
	}
	[t:decal,n:*]
	{
		decal_orientation = 0.480313,0.872818,0.086532,0.000000,0.098657,-0.995121,-0.877097,0.477970,0.047386;
		decal_origin = 1.230503,-4.895862,2.110844,0x9413BAFC;
	  f far_plane = 1.100000;
	  x guid = 0x964A164E;
	  f horizontal_meters = 4.000000;
	  f lod = 1.000000;
	  f near_plane = 0.100000;
		texture = Art\Bitmaps\Decals\b_d_swp-a.%img%;
	  f vertical_meters = 4.000000;
	}
	[t:decal,n:*]
	{
		decal_orientation = 0.000000,-0.996546,-0.083046,0.000000,0.083046,-0.996546,1.000000,0.000000,0.000000;
		decal_origin = -1.941246,-4.826430,2.258966,0x9413BAFC;
	  f far_plane = 1.100000;
	  x guid = 0x84C7385A;
	  f horizontal_meters = 4.000000;
	  f lod = 1.000000;
	  f near_plane = 0.100000;
		texture = Art\Bitmaps\Decals\b_d_swp-a.%img%;
	  f vertical_meters = 4.000000;
	}
	[t:decal,n:*]
	{
		decal_orientation = 0.333578,-0.936988,-0.103824,0.000000,0.110132,-0.993917,0.942723,0.331548,0.036737;
		decal_origin = -1.326924,-4.919104,3.689699,0x9413BAFC;
	  f far_plane = 1.100000;
	  x guid = 0x33FB6350;
	  f horizontal_meters = 4.000000;
	  f lod = 1.000000;
	  f near_plane = 0.100000;
		texture = Art\Bitmaps\Decals\b_d_swp-a.%img%;
	  f vertical_meters = 4.000000;
	}
	[t:decal,n:*]
	{
		decal_orientation = 0.000000,0.993409,0.114624,0.000000,0.114624,-0.993409,-1.000000,0.000000,0.000000;
		decal_origin = 0.061771,-4.986238,4.935543,0x9413BAFC;
	  f far_plane = 1.100000;
	  x guid = 0x7A24A62E;
	  f horizontal_meters = 4.000000;
	  f lod = 1.000000;
	  f near_plane = 0.100000;
		texture = Art\Bitmaps\Decals\b_d_swp-a.%img%;
	  f vertical_meters = 4.000000;
	}
	[t:decal,n:*]
	{
		decal_orientation = -0.707107,-0.707107,0.000000,0.000000,-0.000000,-1.000000,0.707107,-0.707107,0.000000;
		decal_origin = 1.272584,1.000001,-3.035698,0x956A404F;
	  f far_plane = 1.100000;
	  x guid = 0xA0F5D3FA;
	  f horizontal_meters = 4.000000;
	  f lod = 1.000000;
	  f near_plane = 0.100000;
		texture = Art\Bitmaps\Decals\b_d_swp-a.%img%;
	  f vertical_meters = 4.000000;
	}
	[t:decal,n:*]
	{
		decal_orientation = 0.707107,-0.707107,0.000000,0.000000,0.000000,-1.000000,0.707107,0.707107,0.000000;
		decal_origin = -1.867640,1.000000,0.643501,0x956A404F;
	  f far_plane = 1.100000;
	  x guid = 0xCFBD2BE2;
	  f horizontal_meters = 4.000000;
	  f lod = 1.000000;
	  f near_plane = 0.100000;
		texture = Art\Bitmaps\Decals\b_d_swp-a.%img%;
	  f vertical_meters = 4.000000;
	}
	[t:decal,n:*]
	{
		decal_orientation = -0.707107,-0.707107,0.000000,0.000000,-0.000000,-1.000000,0.707107,-0.707107,0.000000;
		decal_origin = -0.710325,1.000000,3.469190,0x956A404F;
	  f far_plane = 1.100000;
	  x guid = 0x843BD69B;
	  f horizontal_meters = 4.000000;
	  f lod = 1.000000;
	  f near_plane = 0.100000;
		texture = Art\Bitmaps\Decals\b_d_swp-a.%img%;
	  f vertical_meters = 4.000000;
	}
	[t:decal,n:*]
	{
		decal_orientation = 0.000000,-0.998053,-0.062378,0.000000,0.062378,-0.998053,1.000000,0.000000,0.000000;
		decal_origin = -1.652720,6.930248,1.455172,0x6F791AE1;
	  f far_plane = 1.100000;
	  x guid = 0xD51F37C0;
	  f horizontal_meters = 4.000000;
	  f lod = 1.000000;
	  f near_plane = 0.100000;
		texture = Art\Bitmaps\Decals\b_d_swp-a.%img%;
	  f vertical_meters = 4.000000;
	}
	[t:decal,n:*]
	{
		decal_orientation = 1.000000,0.000000,0.000000,0.000000,0.062378,-0.998053,0.000000,0.998053,0.062378;
		decal_origin = -0.167583,6.938976,1.792353,0x6F791AE1;
	  f far_plane = 1.100000;
	  x guid = 0x5D78529D;
	  f horizontal_meters = 4.000000;
	  f lod = 1.000000;
	  f near_plane = 0.100000;
		texture = Art\Bitmaps\Decals\b_d_swp-a.%img%;
	  f vertical_meters = 4.000000;
	}
	[t:decal,n:*]
	{
		decal_orientation = 0.000000,-0.998053,-0.062378,0.000000,0.062378,-0.998053,1.000000,0.000000,0.000000;
		decal_origin = -1.884398,6.944727,0.061360,0x303AA838;
	  f far_plane = 1.100000;
	  x guid = 0xCB52EB6D;
	  f horizontal_meters = 4.000000;
	  f lod = 1.000000;
	  f near_plane = 0.100000;
		texture = Art\Bitmaps\Decals\b_d_swp-a.%img%;
	  f vertical_meters = 4.000000;
	}
	[t:decal,n:*]
	{
		decal_orientation = 1.000000,0.000000,0.000000,0.000000,0.062378,-0.998053,0.000000,0.998053,0.062378;
		decal_origin = -1.186190,6.936901,1.759207,0x303AA838;
	  f far_plane = 1.100000;
	  x guid = 0xE244D356;
	  f horizontal_meters = 4.000000;
	  f lod = 1.000000;
	  f near_plane = 0.100000;
		texture = Art\Bitmaps\Decals\b_d_swp-a.%img%;
	  f vertical_meters = 4.000000;
	}
	[t:decal,n:*]
	{
		decal_orientation = 0.000000,-0.995037,-0.099504,0.000000,0.099504,-0.995037,1.000000,0.000000,0.000000;
		decal_origin = 1.825739,-0.977587,0.584527,0xEF00E3B0;
	  f far_plane = 1.100000;
	  x guid = 0x0ABFCD67;
	  f horizontal_meters = 4.000000;
	  f lod = 1.000000;
	  f near_plane = 0.100000;
		texture = Art\Bitmaps\Decals\b_d_swp-a.%img%;
	  f vertical_meters = 4.000000;
	}
	[t:decal,n:*]
	{
		decal_orientation = 1.000000,0.000000,0.000000,0.000000,0.196116,-0.980581,0.000000,0.980581,0.196116;
		decal_origin = -0.488866,-1.009152,-2.144785,0x7C5985BD;
	  f far_plane = 1.100000;
	  x guid = 0xE4C912FD;
	  f horizontal_meters = 4.000000;
	  f lod = 1.000000;
	  f near_plane = 0.100000;
		texture = Art\Bitmaps\Decals\b_d_swp-a.%img%;
	  f vertical_meters = 4.000000;
	}
}
