[decals]
{
	[t:decal,n:*]
	{
		decal_orientation = 1.000000,0.000000,0.000000,0.000000,0.274721,-0.961524,0.000000,0.961524,0.274721;
		decal_origin = 2.593000,12.863008,3.636497,0xEE4214C4;
	  f far_plane = 1.100000;
	  x guid = 0xFA0996EC;
	  f horizontal_meters = 4.000000;
	  f lod = 1.000000;
	  f near_plane = 0.100000;
		texture = Art\Bitmaps\Decals\b_d_swp-a.%img%;
	  f vertical_meters = 4.000000;
	}
	[t:decal,n:*]
	{
		decal_orientation = 1.000000,0.000000,0.000000,0.000000,0.274721,-0.961524,0.000000,0.961524,0.274721;
		decal_origin = 1.077628,12.865137,3.584686,0xEE4214C4;
	  f far_plane = 1.100000;
	  x guid = 0x7CB7B0B7;
	  f horizontal_meters = 4.000000;
	  f lod = 1.000000;
	  f near_plane = 0.100000;
		texture = Art\Bitmaps\Decals\b_d_swp-a.%img%;
	  f vertical_meters = 4.000000;
	}
	[t:decal,n:*]
	{
		decal_orientation = 0.000000,-0.998053,-0.062378,0.000000,0.062378,-0.998053,1.000000,0.000000,0.000000;
		decal_origin = -1.875480,6.944168,1.557593,0xAAF4E135;
	  f far_plane = 1.100000;
	  x guid = 0x4E8E8A06;
	  f horizontal_meters = 4.000000;
	  f lod = 1.000000;
	  f near_plane = 0.100000;
		texture = Art\Bitmaps\Decals\b_d_swp-a.%img%;
	  f vertical_meters = 4.000000;
	}
	[t:decal,n:*]
	{
		decal_orientation = -1.000000,0.000000,0.000000,0.000000,0.316228,-0.948683,0.000000,-0.948683,-0.316228;
		decal_origin = 0.158607,6.908403,2.287069,0xAAF4E135;
	  f far_plane = 1.100000;
	  x guid = 0x2B8E7ABF;
	  f horizontal_meters = 4.000000;
	  f lod = 1.000000;
	  f near_plane = 0.100000;
		texture = Art\Bitmaps\Decals\b_d_swp-a.%img%;
	  f vertical_meters = 4.000000;
	}
	[t:decal,n:*]
	{
		decal_orientation = 1.000000,0.000000,0.000000,0.000000,0.062378,-0.998053,0.000000,0.998053,0.062378;
		decal_origin = -0.521579,6.907410,1.287325,0xAAF4E135;
	  f far_plane = 1.100000;
	  x guid = 0x5E09C9FC;
	  f horizontal_meters = 4.000000;
	  f lod = 1.000000;
	  f near_plane = 0.100000;
		texture = Art\Bitmaps\Decals\b_d_swp-a.%img%;
	  f vertical_meters = 4.000000;
	}
	[t:decal,n:*]
	{
		decal_orientation = 0.381486,0.917257,0.114496,0.000000,0.123863,-0.992299,-0.924375,0.378548,0.047252;
		decal_origin = 1.129669,-4.910984,2.019105,0x13351E90;
	  f far_plane = 1.100000;
	  x guid = 0xA67FEAAD;
	  f horizontal_meters = 4.000000;
	  f lod = 1.000000;
	  f near_plane = 0.100000;
		texture = Art\Bitmaps\Decals\b_d_swp-a.%img%;
	  f vertical_meters = 4.000000;
	}
	[t:decal,n:*]
	{
		decal_orientation = -0.115877,-0.989367,-0.087889,0.000000,0.088485,-0.996077,0.993264,-0.115423,-0.010253;
		decal_origin = -0.176515,-4.982611,2.206274,0x13351E90;
	  f far_plane = 1.100000;
	  x guid = 0xB2350CDE;
	  f horizontal_meters = 4.000000;
	  f lod = 1.000000;
	  f near_plane = 0.100000;
		texture = Art\Bitmaps\Decals\b_d_swp-a.%img%;
	  f vertical_meters = 4.000000;
	}
	[t:decal,n:*]
	{
		decal_orientation = 0.000000,-0.998053,-0.062378,0.000000,0.062378,-0.998053,1.000000,0.000000,0.000000;
		decal_origin = -1.792958,6.939013,1.781370,0x9203B141;
	  f far_plane = 1.100000;
	  x guid = 0xBD6C5B81;
	  f horizontal_meters = 4.000000;
	  f lod = 1.000000;
	  f near_plane = 0.100000;
		texture = Art\Bitmaps\Decals\b_d_swp-a.%img%;
	  f vertical_meters = 4.000000;
	}
	[t:decal,n:*]
	{
		decal_orientation = 0.000000,-1.000000,0.000000,0.000000,0.000000,-1.000000,1.000000,0.000000,0.000000;
		decal_origin = 2.531260,1.000000,1.353325,0x2DE66656;
	  f far_plane = 1.100000;
	  x guid = 0x85678FD7;
	  f horizontal_meters = 4.000000;
	  f lod = 1.000000;
	  f near_plane = 0.100000;
		texture = Art\Bitmaps\Decals\b_d_swp-a.%img%;
	  f vertical_meters = 4.000000;
	}
	[t:decal,n:*]
	{
		decal_orientation = 0.000000,-1.000000,0.000000,0.000000,0.000000,-1.000000,1.000000,0.000000,0.000000;
		decal_origin = -6.521224,9.049999,1.870989,0x62734800;
	  f far_plane = 1.100000;
	  x guid = 0x7290BEAA;
	  f horizontal_meters = 4.000000;
	  f lod = 1.000000;
	  f near_plane = 0.100000;
		texture = Art\Bitmaps\Decals\b_d_swp-a.%img%;
	  f vertical_meters = 4.000000;
	}
	[t:decal,n:*]
	{
		decal_orientation = -0.037012,-0.995858,-0.083045,0.000000,0.083102,-0.996541,0.999315,-0.036884,-0.003076;
		decal_origin = -1.683243,-4.847670,1.917023,0xA915A750;
	  f far_plane = 1.100000;
	  x guid = 0x9A1F803F;
	  f horizontal_meters = 4.000000;
	  f lod = 1.000000;
	  f near_plane = 0.100000;
		texture = Art\Bitmaps\Decals\b_d_swp-a.%img%;
	  f vertical_meters = 4.000000;
	}
	[t:decal,n:*]
	{
		decal_orientation = 0.000000,-1.000000,0.000000,0.000000,0.000000,-1.000000,1.000000,0.000000,0.000000;
		decal_origin = 0.261528,7.000000,1.909829,0xB6C9BD5B;
	  f far_plane = 1.100000;
	  x guid = 0x8F572C73;
	  f horizontal_meters = 4.000000;
	  f lod = 1.000000;
	  f near_plane = 0.100000;
		texture = Art\Bitmaps\Decals\b_d_swp-a.%img%;
	  f vertical_meters = 4.000000;
	}
	[t:decal,n:*]
	{
		decal_orientation = 0.000000,-1.000000,0.000000,0.000000,0.000000,-1.000000,1.000000,0.000000,0.000000;
		decal_origin = -0.716971,-4.999999,5.104992,0x13351E90;
	  f far_plane = 1.100000;
	  x guid = 0x8623ED29;
	  f horizontal_meters = 4.000000;
	  f lod = 1.000000;
	  f near_plane = 0.100000;
		texture = art\bitmaps\decals\b_d_swp-a.raw;
	  f vertical_meters = 4.000000;
	}
	[t:decal,n:*]
	{
		decal_orientation = -0.430731,-0.896991,-0.099392,0.000000,0.110132,-0.993917,0.902481,-0.428111,-0.047437;
		decal_origin = -1.487096,-4.911774,3.871717,0x13351E90;
	  f far_plane = 1.100000;
	  x guid = 0x43550FC6;
	  f horizontal_meters = 4.000000;
	  f lod = 1.000000;
	  f near_plane = 0.100000;
		texture = art\bitmaps\decals\b_d_swp-a.raw;
	  f vertical_meters = 4.000000;
	}
	[t:decal,n:*]
	{
		decal_orientation = -0.897257,0.440370,0.031687,0.000000,0.071769,-0.997421,-0.441508,-0.894943,-0.064396;
		decal_origin = 1.102551,-4.933670,4.285139,0x13351E90;
	  f far_plane = 1.100000;
	  x guid = 0xD926FF1D;
	  f horizontal_meters = 4.000000;
	  f lod = 1.000000;
	  f near_plane = 0.100000;
		texture = art\bitmaps\decals\b_d_swp-a.raw;
	  f vertical_meters = 4.000000;
	}
	[t:decal,n:*]
	{
		decal_orientation = 0.000000,-1.000000,0.000000,0.000000,0.000000,-1.000000,1.000000,0.000000,0.000000;
		decal_origin = 0.369228,1.000000,-2.540952,0xB204902D;
	  f far_plane = 1.100000;
	  x guid = 0x173BA7FC;
	  f horizontal_meters = 4.000000;
	  f lod = 1.000000;
	  f near_plane = 0.100000;
		texture = art\bitmaps\decals\b_d_swp-a.raw;
	  f vertical_meters = 4.000000;
	}
	[t:decal,n:*]
	{
		decal_orientation = 0.707107,-0.707107,0.000000,0.000000,0.000000,-1.000000,0.707107,0.707107,0.000000;
		decal_origin = -2.104206,1.000001,0.055460,0xB204902D;
	  f far_plane = 1.100000;
	  x guid = 0x4FD3C5C5;
	  f horizontal_meters = 4.000000;
	  f lod = 1.000000;
	  f near_plane = 0.100000;
		texture = art\bitmaps\decals\b_d_swp-a.raw;
	  f vertical_meters = 4.000000;
	}
	[t:decal,n:*]
	{
		decal_orientation = 0.000000,-1.000000,0.000000,0.000000,0.000000,-1.000000,1.000000,0.000000,0.000000;
		decal_origin = 3.309772,1.000000,1.382403,0xF48C67A7;
	  f far_plane = 1.100000;
	  x guid = 0xE3D2D64E;
	  f horizontal_meters = 4.000000;
	  f lod = 1.000000;
	  f near_plane = 0.100000;
		texture = art\bitmaps\decals\b_d_swp-a.raw;
	  f vertical_meters = 4.000000;
	}
}
