[decals]
{
	[t:decal,n:*]
	{
		decal_orientation = 0.000000,-1.000000,0.000000,0.000000,0.000000,-1.000000,1.000000,0.000000,0.000000;
		decal_origin = -0.040233,7.000000,-0.803186,0xCBD266AA;
	  f far_plane = 1.100000;
	  x guid = 0x06FFD6DF;
	  f horizontal_meters = 4.000000;
	  f lod = 1.000000;
	  f near_plane = 0.100000;
		texture = Art\Bitmaps\Decals\b_d_grs01cbbl-path.%img%;
	  f vertical_meters = 4.000000;
	}
	[t:decal,n:*]
	{
		decal_orientation = -1.000000,-0.000000,-0.000000,0.000000,0.249041,-0.968493,0.000000,-0.968493,-0.249041;
		decal_origin = 7.695118,1.922328,13.650787,0x3CA08FC9;
	  f far_plane = 1.100000;
	  x guid = 0x78E288E9;
	  f horizontal_meters = 4.000000;
	  f lod = 1.000000;
	  f near_plane = 0.100000;
		texture = Art\Bitmaps\Decals\b_d_grs01cbbl-path.%img%;
	  f vertical_meters = 4.000000;
	}
	[t:decal,n:*]
	{
		decal_orientation = -1.000000,0.000000,0.000000,0.000000,0.249041,-0.968493,0.000000,-0.968493,-0.249041;
		decal_origin = 6.753410,3.095500,9.088444,0x3CA08FC9;
	  f far_plane = 1.100000;
	  x guid = 0x0A186728;
	  f horizontal_meters = 4.000000;
	  f lod = 1.000000;
	  f near_plane = 0.100000;
		texture = Art\Bitmaps\Decals\b_d_grs01cbbl-path.%img%;
	  f vertical_meters = 4.000000;
	}
	[t:decal,n:*]
	{
		decal_orientation = -0.707107,0.703598,0.070360,-0.000000,0.099504,-0.995037,-0.707107,-0.703598,-0.070360;
		decal_origin = 4.820639,3.995781,3.098793,0x3CA08FC9;
	  f far_plane = 1.100000;
	  x guid = 0x8ACF9197;
	  f horizontal_meters = 4.000000;
	  f lod = 1.000000;
	  f near_plane = 0.100000;
		texture = Art\Bitmaps\Decals\b_d_grs01cbbl-path.%img%;
	  f vertical_meters = 4.000000;
	}
	[t:decal,n:*]
	{
		decal_orientation = 1.000000,0.000000,0.000000,0.000000,0.143429,-0.989661,0.000000,0.989661,0.143429;
		decal_origin = 1.463919,3.345656,-6.657035,0x3CA08FC9;
	  f far_plane = 1.100000;
	  x guid = 0xAF2BD10E;
	  f horizontal_meters = 4.000000;
	  f lod = 1.000000;
	  f near_plane = 0.100000;
		texture = Art\Bitmaps\Decals\b_d_grs01cbbl-path.%img%;
	  f vertical_meters = 4.000000;
	}
	[t:decal,n:*]
	{
		decal_orientation = 0.707107,-0.691836,-0.146163,0.000000,0.206705,-0.978403,0.707107,0.691836,0.146163;
		decal_origin = 0.941645,2.015681,-12.442780,0x3CA08FC9;
	  f far_plane = 1.100000;
	  x guid = 0xD59BA0DC;
	  f horizontal_meters = 4.000000;
	  f lod = 1.000000;
	  f near_plane = 0.100000;
		texture = Art\Bitmaps\Decals\b_d_grs01cbbl-path.%img%;
	  f vertical_meters = 4.000000;
	}
	[t:decal,n:*]
	{
		decal_orientation = 1.000000,0.000000,0.000000,0.000000,0.143429,-0.989661,0.000000,0.989661,0.143429;
		decal_origin = 3.447521,4.113741,-1.357275,0x3CA08FC9;
	  f far_plane = 1.100000;
	  x guid = 0x4407B579;
	  f horizontal_meters = 4.000000;
	  f lod = 1.000000;
	  f near_plane = 0.100000;
		texture = Art\Bitmaps\Decals\b_d_grs01cbbl-path.%img%;
	  f vertical_meters = 4.000000;
	}
	[t:decal,n:*]
	{
		decal_orientation = 0.000000,-1.000000,0.000000,0.000000,0.000000,-1.000000,1.000000,0.000000,0.000000;
		decal_origin = 0.795849,1.000000,-0.956547,0x78F313D2;
	  f far_plane = 1.100000;
	  x guid = 0x04A8F6DC;
	  f horizontal_meters = 4.000000;
	  f lod = 1.000000;
	  f near_plane = 0.100000;
		texture = Art\Bitmaps\Decals\b_d_grs01cbbl-path.%img%;
	  f vertical_meters = 4.000000;
	}
	[t:decal,n:*]
	{
		decal_orientation = 1.000000,0.000000,0.000000,0.000000,0.000000,-1.000000,-0.000000,1.000000,0.000000;
		decal_origin = -0.278959,1.000000,-3.476367,0xCB77D2EE;
	  f far_plane = 1.100000;
	  x guid = 0xF7E4F4D5;
	  f horizontal_meters = 4.000000;
	  f lod = 1.000000;
	  f near_plane = 0.100000;
		texture = Art\Bitmaps\Decals\b_d_grs01cbbl-path.%img%;
	  f vertical_meters = 4.000000;
	}
	[t:decal,n:*]
	{
		decal_orientation = -1.000000,0.000000,-0.000000,-0.000000,-0.000000,-1.000000,-0.000000,-1.000000,0.000000;
		decal_origin = 2.697443,1.000000,3.255180,0xCB77D2EE;
	  f far_plane = 1.100000;
	  x guid = 0x24747F38;
	  f horizontal_meters = 4.000000;
	  f lod = 1.000000;
	  f near_plane = 0.100000;
		texture = Art\Bitmaps\Decals\b_d_grs01cbbl-path.%img%;
	  f vertical_meters = 4.000000;
	}
	[t:decal,n:*]
	{
		decal_orientation = 0.707107,-0.707107,0.000000,0.000000,0.000000,-1.000000,0.707107,0.707107,0.000000;
		decal_origin = 1.800184,1.000000,-0.016409,0xCB77D2EE;
	  f far_plane = 1.100000;
	  x guid = 0x764A511B;
	  f horizontal_meters = 4.000000;
	  f lod = 1.000000;
	  f near_plane = 0.100000;
		texture = Art\Bitmaps\Decals\b_d_grs01cbbl-path.%img%;
	  f vertical_meters = 4.000000;
	}
	[t:decal,n:*]
	{
		decal_orientation = 0.000000,-1.000000,0.000000,0.000000,0.000000,-1.000000,1.000000,0.000000,0.000000;
		decal_origin = 1.974602,0.999996,-0.819391,0x6A669F43;
	  f far_plane = 1.100000;
	  x guid = 0x2148983E;
	  f horizontal_meters = 4.000000;
	  f lod = 1.000000;
	  f near_plane = 0.100000;
		texture = Art\Bitmaps\Decals\b_d_grs01cbbl-path.%img%;
	  f vertical_meters = 4.000000;
	}
	[t:decal,n:*]
	{
		decal_orientation = 0.707107,0.707107,0.000000,0.000000,0.000000,-1.000000,-0.707107,0.707107,0.000000;
		decal_origin = -1.527790,1.000000,-0.392797,0x6A669F43;
	  f far_plane = 1.100000;
	  x guid = 0x8B23EFCE;
	  f horizontal_meters = 4.000000;
	  f lod = 1.000000;
	  f near_plane = 0.100000;
		texture = Art\Bitmaps\Decals\b_d_grs01cbbl-path.%img%;
	  f vertical_meters = 4.000000;
	}
	[t:decal,n:*]
	{
		decal_orientation = -0.707107,0.707107,0.000000,0.000000,0.000000,-1.000000,-0.707107,-0.707107,0.000000;
		decal_origin = 0.123480,7.000000,0.725231,0xDC37C2BF;
	  f far_plane = 1.100000;
	  x guid = 0xDDEAD2E5;
	  f horizontal_meters = 4.000000;
	  f lod = 1.000000;
	  f near_plane = 0.100000;
		texture = Art\Bitmaps\Decals\b_d_grs01cbbl-path.%img%;
	  f vertical_meters = 4.000000;
	}
	[t:decal,n:*]
	{
		decal_orientation = 0.000000,-1.000000,0.000000,0.000000,0.000000,-1.000000,1.000000,0.000000,0.000000;
		decal_origin = -0.025248,13.000000,0.565849,0x573E99EC;
	  f far_plane = 1.100000;
	  x guid = 0x34D5B5FC;
	  f horizontal_meters = 4.000000;
	  f lod = 1.000000;
	  f near_plane = 0.100000;
		texture = Art\Bitmaps\Decals\b_d_grs01cbbl-path.%img%;
	  f vertical_meters = 4.000000;
	}
	[t:decal,n:*]
	{
		decal_orientation = 0.707107,-0.707107,0.000000,0.000000,0.000000,-1.000000,0.707107,0.707107,0.000000;
		decal_origin = 0.153446,13.000002,0.556633,0x1C79A4B6;
	  f far_plane = 1.100000;
	  x guid = 0x69FA3A60;
	  f horizontal_meters = 4.000000;
	  f lod = 1.000000;
	  f near_plane = 0.100000;
		texture = Art\Bitmaps\Decals\b_d_grs01cbbl-path.%img%;
	  f vertical_meters = 4.000000;
	}
}
