[decals]
{
	[t:decal,n:*]
	{
		decal_orientation = 0.000000,0.999889,0.014924,0.000000,0.014924,-0.999889,-1.000000,0.000000,0.000000;
		decal_origin = -1.892054,3.368888,-0.343964,0x9D25539C;
	  f far_plane = 1.100000;
	  x guid = 0x4320A8E3;
	  f horizontal_meters = 4.000000;
	  f lod = 1.000000;
	  f near_plane = 0.100000;
		texture = art\bitmaps\decals\b_d_grs02-a.raw;
	  f vertical_meters = 4.000000;
	}
	[t:decal,n:*]
	{
		decal_orientation = 0.278810,0.960182,0.017772,0.000000,0.018506,-0.999829,-0.960346,0.278762,0.005160;
		decal_origin = -1.540122,3.375214,1.307744,0x9D25539C;
	  f far_plane = 1.100000;
	  x guid = 0xF6AB45FB;
	  f horizontal_meters = 4.000000;
	  f lod = 1.000000;
	  f near_plane = 0.100000;
		texture = art\bitmaps\decals\b_d_grs02-a.raw;
	  f vertical_meters = 4.000000;
	}
	[t:decal,n:*]
	{
		decal_orientation = -0.998371,0.057037,0.001215,0.000000,0.021294,-0.999773,-0.057050,-0.998145,-0.021259;
		decal_origin = -0.367462,3.375126,2.873695,0x9D25539C;
	  f far_plane = 1.100000;
	  x guid = 0xA9E45FF9;
	  f horizontal_meters = 4.000000;
	  f lod = 1.000000;
	  f near_plane = 0.100000;
		texture = art\bitmaps\decals\b_d_grs02-a.raw;
	  f vertical_meters = 4.000000;
	}
	[t:decal,n:*]
	{
		decal_orientation = 0.309586,0.898086,0.312407,0.000000,0.328548,-0.944487,-0.950871,0.292400,0.101714;
		decal_origin = -1.089015,3.220238,2.061983,0x9D25539C;
	  f far_plane = 1.100000;
	  x guid = 0x77184AFC;
	  f horizontal_meters = 4.000000;
	  f lod = 1.000000;
	  f near_plane = 0.100000;
		texture = art\bitmaps\decals\b_d_grs02-a.raw;
	  f vertical_meters = 4.000000;
	}
	[t:decal,n:*]
	{
		decal_orientation = -1.000000,0.000000,0.000000,0.000000,0.022721,-0.999742,0.000000,-0.999742,-0.022721;
		decal_origin = 1.977905,3.379646,2.706917,0x9D25539C;
	  f far_plane = 1.100000;
	  x guid = 0x68B8133A;
	  f horizontal_meters = 4.000000;
	  f lod = 1.000000;
	  f near_plane = 0.100000;
		texture = art\bitmaps\decals\b_d_grs02-a.raw;
	  f vertical_meters = 4.000000;
	}
	[t:decal,n:*]
	{
		decal_orientation = 0.128668,-0.876476,-0.463933,0.000000,0.467822,-0.883823,0.991688,0.113720,0.060194;
		decal_origin = 2.607063,2.923774,1.410030,0x9D25539C;
	  f far_plane = 1.100000;
	  x guid = 0x88698C3D;
	  f horizontal_meters = 4.000000;
	  f lod = 1.000000;
	  f near_plane = 0.100000;
		texture = art\bitmaps\decals\b_d_grs02-a.raw;
	  f vertical_meters = 4.000000;
	}
	[t:decal,n:*]
	{
		decal_orientation = 0.497073,-0.730084,-0.468930,0.000000,0.540423,-0.841394,0.867709,0.418234,0.268630;
		decal_origin = 3.018016,2.868482,2.194676,0x9D25539C;
	  f far_plane = 1.100000;
	  x guid = 0x6380A026;
	  f horizontal_meters = 4.000000;
	  f lod = 1.000000;
	  f near_plane = 0.100000;
		texture = art\bitmaps\decals\b_d_grs02-a.raw;
	  f vertical_meters = 4.000000;
	}
	[t:decal,n:*]
	{
		decal_orientation = 0.371391,-0.663421,-0.649570,0.000000,0.699608,-0.714527,0.928477,0.265369,0.259828;
		decal_origin = 2.656618,2.635259,-1.135193,0x9D25539C;
	  f far_plane = 1.100000;
	  x guid = 0xC80167BE;
	  f horizontal_meters = 4.000000;
	  f lod = 1.000000;
	  f near_plane = 0.100000;
		texture = art\bitmaps\decals\b_d_grs02-a.raw;
	  f vertical_meters = 4.000000;
	}
	[t:decal,n:*]
	{
		decal_orientation = -0.375193,-0.882122,-0.284766,0.000000,0.307209,-0.951642,0.926947,-0.357049,-0.115263;
		decal_origin = 1.319326,3.137042,0.034584,0x9D25539C;
	  f far_plane = 1.100000;
	  x guid = 0xACAA49A2;
	  f horizontal_meters = 4.000000;
	  f lod = 1.000000;
	  f near_plane = 0.100000;
		texture = art\bitmaps\decals\b_d_grs02-a.raw;
	  f vertical_meters = 4.000000;
	}
	[t:decal,n:*]
	{
		decal_orientation = 0.000000,-1.000000,0.000000,0.000000,0.000000,-1.000000,1.000000,0.000000,0.000000;
		decal_origin = -0.272081,3.400000,-1.210290,0x9D25539C;
	  f far_plane = 1.100000;
	  x guid = 0x05E9FBE8;
	  f horizontal_meters = 4.000000;
	  f lod = 1.000000;
	  f near_plane = 0.100000;
		texture = art\bitmaps\decals\b_d_grs02-a.raw;
	  f vertical_meters = 4.000000;
	}
	[t:decal,n:*]
	{
		decal_orientation = -0.181498,0.780235,0.598575,0.000000,0.608684,-0.793413,-0.983391,-0.144003,-0.110475;
		decal_origin = -1.814522,2.827470,-1.977792,0x9D25539C;
	  f far_plane = 1.100000;
	  x guid = 0x3DC24D81;
	  f horizontal_meters = 4.000000;
	  f lod = 1.000000;
	  f near_plane = 0.100000;
		texture = art\bitmaps\decals\b_d_grs02-a.raw;
	  f vertical_meters = 4.000000;
	}
	[t:decal,n:*]
	{
		decal_orientation = 1.000000,0.000000,0.000000,0.000000,0.024383,-0.999703,0.000000,0.999703,0.024383;
		decal_origin = -0.124120,3.354887,-3.811791,0x9D25539C;
	  f far_plane = 1.100000;
	  x guid = 0x2D93C052;
	  f horizontal_meters = 4.000000;
	  f lod = 1.000000;
	  f near_plane = 0.100000;
		texture = art\bitmaps\decals\b_d_grs02-a.raw;
	  f vertical_meters = 4.000000;
	}
	[t:decal,n:*]
	{
		decal_orientation = 1.000000,0.000000,0.000000,0.000000,0.024383,-0.999703,0.000000,0.999703,0.024383;
		decal_origin = 1.294519,3.378561,-2.841097,0x9D25539C;
	  f far_plane = 1.100000;
	  x guid = 0xCE766019;
	  f horizontal_meters = 4.000000;
	  f lod = 1.000000;
	  f near_plane = 0.100000;
		texture = art\bitmaps\decals\b_d_grs02-a.raw;
	  f vertical_meters = 4.000000;
	}
	[t:decal,n:*]
	{
		decal_orientation = -0.644820,-0.560456,-0.519708,0.000000,0.679948,-0.733260,0.764334,-0.472821,-0.438444;
		decal_origin = 2.388467,2.892116,-2.078774,0x9D25539C;
	  f far_plane = 1.100000;
	  x guid = 0x80E27F79;
	  f horizontal_meters = 4.000000;
	  f lod = 1.000000;
	  f near_plane = 0.100000;
		texture = art\bitmaps\decals\b_d_grs02-a.raw;
	  f vertical_meters = 4.000000;
	}
	[t:decal,n:*]
	{
		decal_orientation = 1.000000,0.000000,0.000000,0.000000,0.378633,-0.925547,0.000000,0.925547,0.378633;
		decal_origin = 0.156734,3.030562,2.022517,0x27CCEB59;
	  f far_plane = 1.100000;
	  x guid = 0xF7206569;
	  f horizontal_meters = 4.000000;
	  f lod = 1.000000;
	  f near_plane = 0.100000;
		texture = art\bitmaps\decals\b_d_grs02-a.raw;
	  f vertical_meters = 4.000000;
	}
	[t:decal,n:*]
	{
		decal_orientation = 0.916907,-0.376032,-0.133718,0.000000,0.335050,-0.942200,0.399100,0.863910,0.307209;
		decal_origin = -0.429025,2.678302,0.888695,0x27CCEB59;
	  f far_plane = 1.100000;
	  x guid = 0x17BC530A;
	  f horizontal_meters = 4.000000;
	  f lod = 1.000000;
	  f near_plane = 0.100000;
		texture = art\bitmaps\decals\b_d_grs02-a.raw;
	  f vertical_meters = 4.000000;
	}
	[t:decal,n:*]
	{
		decal_orientation = 1.000000,0.000000,0.000000,0.000000,0.378633,-0.925547,0.000000,0.925547,0.378633;
		decal_origin = -0.997911,3.029761,2.020560,0x27CCEB59;
	  f far_plane = 1.100000;
	  x guid = 0xC2C2BFE0;
	  f horizontal_meters = 4.000000;
	  f lod = 1.000000;
	  f near_plane = 0.100000;
		texture = art\bitmaps\decals\b_d_grs02-a.raw;
	  f vertical_meters = 4.000000;
	}
	[t:decal,n:*]
	{
		decal_orientation = 0.000000,0.999889,0.014924,0.000000,0.014924,-0.999889,-1.000000,0.000000,0.000000;
		decal_origin = -2.454831,3.360486,-1.059892,0x9D25539C;
	  f far_plane = 1.100000;
	  x guid = 0x237AB764;
	  f horizontal_meters = 4.000000;
	  f lod = 1.000000;
	  f near_plane = 0.100000;
		texture = art\bitmaps\decals\b_d_grs02-a.raw;
	  f vertical_meters = 4.000000;
	}
	[t:decal,n:*]
	{
		decal_orientation = 0.000000,-1.000000,0.000000,0.000000,0.000000,-1.000000,1.000000,0.000000,0.000000;
		decal_origin = 0.564714,3.400002,1.295841,0x9D25539C;
	  f far_plane = 1.100000;
	  x guid = 0xFB1424A2;
	  f horizontal_meters = 4.000000;
	  f lod = 1.000000;
	  f near_plane = 0.100000;
		texture = art\bitmaps\decals\b_d_grs02-a.raw;
	  f vertical_meters = 4.000000;
	}
	[t:decal,n:*]
	{
		decal_orientation = 0.000000,0.999889,0.014924,0.000000,0.014924,-0.999889,-1.000000,0.000000,0.000000;
		decal_origin = -3.003794,3.352294,1.206360,0x437D202B;
	  f far_plane = 1.100000;
	  x guid = 0xE84547EA;
	  f horizontal_meters = 4.000000;
	  f lod = 1.000000;
	  f near_plane = 0.100000;
		texture = art\bitmaps\decals\b_d_grs02-a.raw;
	  f vertical_meters = 4.000000;
	}
	[t:decal,n:*]
	{
		decal_orientation = 0.000000,0.999889,0.014924,0.000000,0.014924,-0.999889,-1.000000,0.000000,0.000000;
		decal_origin = -2.881196,3.354121,-1.231307,0x437D202B;
	  f far_plane = 1.100000;
	  x guid = 0xA059A466;
	  f horizontal_meters = 4.000000;
	  f lod = 1.000000;
	  f near_plane = 0.100000;
		texture = art\bitmaps\decals\b_d_grs02-a.raw;
	  f vertical_meters = 4.000000;
	}
	[t:decal,n:*]
	{
		decal_orientation = 0.000000,0.999889,0.014924,0.000000,0.014924,-0.999889,-1.000000,0.000000,0.000000;
		decal_origin = -1.369756,3.376682,-0.053372,0x437D202B;
	  f far_plane = 1.100000;
	  x guid = 0x81183213;
	  f horizontal_meters = 4.000000;
	  f lod = 1.000000;
	  f near_plane = 0.100000;
		texture = art\bitmaps\decals\b_d_grs02-a.raw;
	  f vertical_meters = 4.000000;
	}
	[t:decal,n:*]
	{
		decal_orientation = -0.998371,0.057037,0.001215,0.000000,0.021294,-0.999773,-0.057050,-0.998145,-0.021259;
		decal_origin = -0.300465,3.366003,3.306544,0x437D202B;
	  f far_plane = 1.100000;
	  x guid = 0x856513B0;
	  f horizontal_meters = 4.000000;
	  f lod = 1.000000;
	  f near_plane = 0.100000;
		texture = art\bitmaps\decals\b_d_grs02-a.raw;
	  f vertical_meters = 4.000000;
	}
	[t:decal,n:*]
	{
		decal_orientation = -1.000000,0.000000,0.000000,0.000000,0.022721,-0.999742,0.000000,-0.999742,-0.022721;
		decal_origin = 1.889630,3.366576,3.281968,0x437D202B;
	  f far_plane = 1.100000;
	  x guid = 0x18A6FB33;
	  f horizontal_meters = 4.000000;
	  f lod = 1.000000;
	  f near_plane = 0.100000;
		texture = art\bitmaps\decals\b_d_grs02-a.raw;
	  f vertical_meters = 4.000000;
	}
	[t:decal,n:*]
	{
		decal_orientation = 0.497073,-0.730084,-0.468930,0.000000,0.540423,-0.841394,0.867709,0.418234,0.268630;
		decal_origin = 2.400049,3.113280,1.882677,0x437D202B;
	  f far_plane = 1.100000;
	  x guid = 0x220EE65E;
	  f horizontal_meters = 4.000000;
	  f lod = 1.000000;
	  f near_plane = 0.100000;
		texture = art\bitmaps\decals\b_d_grs02-a.raw;
	  f vertical_meters = 4.000000;
	}
	[t:decal,n:*]
	{
		decal_orientation = 0.000000,-1.000000,0.000000,0.000000,0.000000,-1.000000,1.000000,0.000000,0.000000;
		decal_origin = 0.337994,3.400000,1.457162,0x437D202B;
	  f far_plane = 1.100000;
	  x guid = 0x735EEB69;
	  f horizontal_meters = 4.000000;
	  f lod = 1.000000;
	  f near_plane = 0.100000;
		texture = art\bitmaps\decals\b_d_grs02-a.raw;
	  f vertical_meters = 4.000000;
	}
	[t:decal,n:*]
	{
		decal_orientation = 0.309586,0.898086,0.312407,0.000000,0.328548,-0.944487,-0.950871,0.292400,0.101714;
		decal_origin = -1.323018,3.157258,2.195879,0x437D202B;
	  f far_plane = 1.100000;
	  x guid = 0xAE557F53;
	  f horizontal_meters = 4.000000;
	  f lod = 1.000000;
	  f near_plane = 0.100000;
		texture = art\bitmaps\decals\b_d_grs02-a.raw;
	  f vertical_meters = 4.000000;
	}
	[t:decal,n:*]
	{
		decal_orientation = -0.375193,-0.882122,-0.284766,0.000000,0.307209,-0.951642,0.926947,-0.357049,-0.115263;
		decal_origin = 1.532351,3.180636,-0.911027,0x437D202B;
	  f far_plane = 1.100000;
	  x guid = 0xCB92B220;
	  f horizontal_meters = 4.000000;
	  f lod = 1.000000;
	  f near_plane = 0.100000;
		texture = art\bitmaps\decals\b_d_grs02-a.raw;
	  f vertical_meters = 4.000000;
	}
	[t:decal,n:*]
	{
		decal_orientation = 1.000000,0.000000,0.000000,0.000000,0.024383,-0.999703,0.000000,0.999703,0.024383;
		decal_origin = 0.550663,3.381310,-2.728406,0x437D202B;
	  f far_plane = 1.100000;
	  x guid = 0x7273CABB;
	  f horizontal_meters = 4.000000;
	  f lod = 1.000000;
	  f near_plane = 0.100000;
		texture = art\bitmaps\decals\b_d_grs02-a.raw;
	  f vertical_meters = 4.000000;
	}
	[t:decal,n:*]
	{
		decal_orientation = -0.644820,-0.560456,-0.519708,0.000000,0.679948,-0.733260,0.764334,-0.472821,-0.438444;
		decal_origin = 2.623643,2.433152,-1.589963,0x437D202B;
	  f far_plane = 1.100000;
	  x guid = 0x1DBB3161;
	  f horizontal_meters = 4.000000;
	  f lod = 1.000000;
	  f near_plane = 0.100000;
		texture = art\bitmaps\decals\b_d_grs02-a.raw;
	  f vertical_meters = 4.000000;
	}
	[t:decal,n:*]
	{
		decal_orientation = 0.371391,-0.663421,-0.649570,0.000000,0.699608,-0.714527,0.928477,0.265369,0.259828;
		decal_origin = 2.804888,2.534025,-1.042917,0x437D202B;
	  f far_plane = 1.100000;
	  x guid = 0x96477A15;
	  f horizontal_meters = 4.000000;
	  f lod = 1.000000;
	  f near_plane = 0.100000;
		texture = art\bitmaps\decals\b_d_grs02-a.raw;
	  f vertical_meters = 4.000000;
	}
	[t:decal,n:*]
	{
		decal_orientation = 1.000000,0.000000,0.000000,0.000000,0.378633,-0.925547,0.000000,0.925547,0.378633;
		decal_origin = -0.705938,3.063496,2.103024,0xEFAE46CA;
	  f far_plane = 1.100000;
	  x guid = 0xBDBC3252;
	  f horizontal_meters = 4.000000;
	  f lod = 1.000000;
	  f near_plane = 0.100000;
		texture = art\bitmaps\decals\b_d_grs02-a.raw;
	  f vertical_meters = 4.000000;
	}
	[t:decal,n:*]
	{
		decal_orientation = 0.000000,0.999889,0.014924,0.000000,0.014924,-0.999889,-1.000000,0.000000,0.000000;
		decal_origin = -3.021976,3.352021,1.144877,0x9D25539C;
	  f far_plane = 1.100000;
	  x guid = 0xEC25DBF9;
	  f horizontal_meters = 4.000000;
	  f lod = 1.000000;
	  f near_plane = 0.100000;
		texture = art\bitmaps\decals\b_d_grs02-a.raw;
	  f vertical_meters = 4.000000;
	}
	[t:decal,n:*]
	{
		decal_orientation = -1.000000,0.000000,0.000000,0.000000,0.022721,-0.999742,0.000000,-0.999742,-0.022721;
		decal_origin = 1.436686,3.355544,3.767431,0x9D25539C;
	  f far_plane = 1.100000;
	  x guid = 0xC41A87DB;
	  f horizontal_meters = 4.000000;
	  f lod = 1.000000;
	  f near_plane = 0.100000;
		texture = art\bitmaps\decals\b_d_grs02-a.raw;
	  f vertical_meters = 4.000000;
	}
	[t:decal,n:*]
	{
		decal_orientation = 0.618872,-0.740490,-0.262053,0.000000,0.333616,-0.942709,0.785492,0.583416,0.206466;
		decal_origin = 1.826018,2.979101,0.014497,0x437D202B;
	  f far_plane = 1.100000;
	  x guid = 0xE30538B0;
	  f horizontal_meters = 4.000000;
	  f lod = 1.000000;
	  f near_plane = 0.100000;
		texture = art\bitmaps\decals\b_d_grs02-a.raw;
	  f vertical_meters = 4.000000;
	}
	[t:decal,n:*]
	{
		decal_orientation = 0.000000,-1.000000,0.000000,0.000000,0.000000,-1.000000,1.000000,0.000000,0.000000;
		decal_origin = -0.146307,3.400000,-1.020679,0x437D202B;
	  f far_plane = 1.100000;
	  x guid = 0x52385BAA;
	  f horizontal_meters = 4.000000;
	  f lod = 1.000000;
	  f near_plane = 0.100000;
		texture = art\bitmaps\decals\b_d_grs02-a.raw;
	  f vertical_meters = 4.000000;
	}
	[t:decal,n:*]
	{
		decal_orientation = 0.998723,-0.047933,-0.015957,0.000000,0.315854,-0.948808,0.050519,0.947596,0.315451;
		decal_origin = -0.076772,2.812850,1.476764,0xEFAE46CA;
	  f far_plane = 1.100000;
	  x guid = 0x62FD7CC3;
	  f horizontal_meters = 4.000000;
	  f lod = 1.000000;
	  f near_plane = 0.100000;
		texture = art\bitmaps\decals\b_d_grs02-a.raw;
	  f vertical_meters = 4.000000;
	}
	[t:decal,n:*]
	{
		decal_orientation = 1.000000,0.000000,0.000000,0.000000,0.024383,-0.999703,0.000000,0.999703,0.024383;
		decal_origin = 1.646485,3.351249,-3.960991,0x437D202B;
	  f far_plane = 1.100000;
	  x guid = 0x189B07D2;
	  f horizontal_meters = 4.000000;
	  f lod = 1.000000;
	  f near_plane = 0.100000;
		texture = art\bitmaps\decals\b_d_grs02-a.raw;
	  f vertical_meters = 4.000000;
	}
}
