[decals]
{
	[t:decal,n:*]
	{
		decal_orientation = 0.000000,-1.000000,0.000000,0.000000,0.000000,-1.000000,1.000000,0.000000,0.000000;
		decal_origin = -1.324553,0.999998,-1.635673,0x4C19A093;
	  f far_plane = 1.100000;
	  x guid = 0x8BF05317;
	  f horizontal_meters = 4.000000;
	  f lod = 1.000000;
	  f near_plane = 0.100000;
		texture = Art\Bitmaps\Decals\b_d_for01-path.%img%;
	  f vertical_meters = 4.000000;
	}
	[t:decal,n:*]
	{
		decal_orientation = 0.000000,-1.000000,0.000000,0.000000,0.000000,-1.000000,1.000000,0.000000,0.000000;
		decal_origin = 0.433332,1.000000,-0.494827,0x4C19A093;
	  f far_plane = 1.100000;
	  x guid = 0xBE684FBE;
	  f horizontal_meters = 4.000000;
	  f lod = 1.000000;
	  f near_plane = 0.100000;
		texture = Art\Bitmaps\Decals\b_d_for01-path.%img%;
	  f vertical_meters = 4.000000;
	}
	[t:decal,n:*]
	{
		decal_orientation = 0.000000,-1.000000,0.000000,0.000000,0.000000,-1.000000,1.000000,0.000000,0.000000;
		decal_origin = 1.626923,1.000000,1.898091,0xC2F833DC;
	  f far_plane = 1.100000;
	  x guid = 0x74D7DFE0;
	  f horizontal_meters = 4.000000;
	  f lod = 1.000000;
	  f near_plane = 0.100000;
		texture = Art\Bitmaps\Decals\b_d_for01-path.%img%;
	  f vertical_meters = 4.000000;
	}
	[t:decal,n:*]
	{
		decal_orientation = 0.000000,-1.000000,0.000000,0.000000,0.000000,-1.000000,1.000000,0.000000,0.000000;
		decal_origin = 0.612720,1.000002,-1.159538,0xC2F833DC;
	  f far_plane = 1.100000;
	  x guid = 0xBFE94D75;
	  f horizontal_meters = 4.000000;
	  f lod = 1.000000;
	  f near_plane = 0.100000;
		texture = Art\Bitmaps\Decals\b_d_for01-path.%img%;
	  f vertical_meters = 4.000000;
	}
	[t:decal,n:*]
	{
		decal_orientation = -0.755033,-0.653282,-0.056107,0.000000,0.085571,-0.996332,0.655687,-0.752264,-0.064609;
		decal_origin = 0.131110,0.026844,-2.185614,0x2DCEF9F7;
	  f far_plane = 1.100000;
	  x guid = 0xB32A8818;
	  f horizontal_meters = 4.000000;
	  f lod = 1.000000;
	  f near_plane = 0.100000;
		texture = Art\Bitmaps\Decals\b_d_for01-path.%img%;
	  f vertical_meters = 4.000000;
	}
	[t:decal,n:*]
	{
		decal_orientation = 0.231998,0.852621,0.468203,0.000000,0.481336,-0.876536,-0.972716,0.203355,0.111669;
		decal_origin = -1.235112,-0.319421,-2.309637,0x2DCEF9F7;
	  f far_plane = 1.100000;
	  x guid = 0xF6FA585B;
	  f horizontal_meters = 4.000000;
	  f lod = 1.000000;
	  f near_plane = 0.100000;
		texture = Art\Bitmaps\Decals\b_d_for01-path.%img%;
	  f vertical_meters = 4.000000;
	}
	[t:decal,n:*]
	{
		decal_orientation = 0.116167,0.903890,0.411690,0.000000,0.414496,-0.910051,-0.993230,0.105718,0.048151;
		decal_origin = 1.635318,1.811544,0.658169,0x2DCEF9F7;
	  f far_plane = 1.100000;
	  x guid = 0xE5F6A166;
	  f horizontal_meters = 4.000000;
	  f lod = 1.000000;
	  f near_plane = 0.100000;
		texture = Art\Bitmaps\Decals\b_d_for01-path.%img%;
	  f vertical_meters = 4.000000;
	}
	[t:decal,n:*]
	{
		decal_orientation = 0.000000,-1.000000,0.000000,0.000000,0.000000,-1.000000,1.000000,0.000000,0.000000;
		decal_origin = 0.257744,1.000000,-1.495667,0x9475A7C0;
	  f far_plane = 1.100000;
	  x guid = 0x4215AC18;
	  f horizontal_meters = 4.000000;
	  f lod = 1.000000;
	  f near_plane = 0.100000;
		texture = Art\Bitmaps\Decals\b_d_for01-path.%img%;
	  f vertical_meters = 4.000000;
	}
	[t:decal,n:*]
	{
		decal_orientation = 0.000000,-1.000000,0.000000,0.000000,0.000000,-1.000000,1.000000,0.000000,0.000000;
		decal_origin = -1.187462,1.000000,-0.867989,0xEE912337;
	  f far_plane = 1.100000;
	  x guid = 0x3F6ADE53;
	  f horizontal_meters = 4.000000;
	  f lod = 1.000000;
	  f near_plane = 0.100000;
		texture = Art\Bitmaps\Decals\b_d_for01-path.%img%;
	  f vertical_meters = 4.000000;
	}
	[t:decal,n:*]
	{
		decal_orientation = 0.000000,-1.000000,0.000000,0.000000,0.000000,-1.000000,1.000000,0.000000,0.000000;
		decal_origin = 1.698711,1.000000,1.256332,0xDFE1C9E2;
	  f far_plane = 1.100000;
	  x guid = 0xA78383A4;
	  f horizontal_meters = 4.000000;
	  f lod = 1.000000;
	  f near_plane = 0.100000;
		texture = Art\Bitmaps\Decals\b_d_for01-path.%img%;
	  f vertical_meters = 4.000000;
	}
}
